# G & A Technical Software, Inc.  (GATS) Spectral Calculator
# http://www.spectralcalc.com
# Date: Tue Apr 16 11:55:19 2024
# Line list: hitran2020
#
# Cell Number: 1
# Pressure (mb) = 1013.25
# Temperature (K) = 296
# Length (cm) = 10
# Gas               Isotope Id            Volume Mixing Ratio   
#  CH4              0  All Isotopes       0.043                
#
# Bandpass Starting Wavelength (microns) = 1.64500100542563
# Bandpass Ending Wavelength (microns) = 1.64599899335283
# Number of Spectral Points = 497
# Mean Transmittance = 0.9858257927455
#
#   Wavelength (microns)   Transmittance
1.645001005425629e+00 9.995329102384858e-01
1.645003016280578e+00 9.995433436124587e-01
1.645005027140443e+00 9.995534585323185e-01
1.645007038005225e+00 9.995626921881923e-01
1.645009048874923e+00 9.995706761546899e-01
1.645011059749538e+00 9.995772568508983e-01
1.645013070629068e+00 9.995824315992650e-01
1.645015081513515e+00 9.995863169024233e-01
1.645017092402878e+00 9.995891210855916e-01
1.645019103297157e+00 9.995910777361132e-01
1.645021114196353e+00 9.995924000686500e-01
1.645023125100465e+00 9.995932035963051e-01
1.645025136009493e+00 9.995935378537979e-01
1.645027146923437e+00 9.995933181489818e-01
1.645029157842298e+00 9.995924407849088e-01
1.645031168766076e+00 9.995907873963006e-01
1.645033179694769e+00 9.995883422379848e-01
1.645035190628380e+00 9.995851335697807e-01
1.645037201566906e+00 9.995812771376222e-01
1.645039212510350e+00 9.995770096720662e-01
1.645041223458709e+00 9.995726390625350e-01
1.645043234411985e+00 9.995684938039631e-01
1.645045245370178e+00 9.995648920885287e-01
1.645047256333287e+00 9.995619992259890e-01
1.645049267301313e+00 9.995598127134144e-01
1.645051278274255e+00 9.995581972762011e-01
1.645053289252114e+00 9.995568140584510e-01
1.645055300234890e+00 9.995554167253431e-01
1.645057311222581e+00 9.995537733193487e-01
1.645059322215190e+00 9.995517187344376e-01
1.645061333212716e+00 9.995491573354229e-01
1.645063344215158e+00 9.995460596983321e-01
1.645065355222517e+00 9.995423479413148e-01
1.645067366234792e+00 9.995379391766619e-01
1.645069377251984e+00 9.995327723445371e-01
1.645071388274093e+00 9.995267979975324e-01
1.645073399301119e+00 9.995199760596735e-01
1.645075410333062e+00 9.995122692489531e-01
1.645077421369921e+00 9.995036420878023e-01
1.645079432411698e+00 9.994940821197815e-01
1.645081443458390e+00 9.994836603873409e-01
1.645083454510000e+00 9.994726234581321e-01
1.645085465566527e+00 9.994614067254588e-01
1.645087476627971e+00 9.994506146176718e-01
1.645089487694331e+00 9.994409712380730e-01
1.645091498765609e+00 9.994330866029486e-01
1.645093509841803e+00 9.994272592593916e-01
1.645095520922915e+00 9.994233963661827e-01
1.645097532008943e+00 9.994211016455665e-01
1.645099543099889e+00 9.994198631611653e-01
1.645101554195751e+00 9.994192180456594e-01
1.645103565296531e+00 9.994187561096625e-01
1.645105576402227e+00 9.994183950475417e-01
1.645107587512841e+00 9.994177268818021e-01
1.645109598628372e+00 9.994165917159989e-01
1.645111609748820e+00 9.994148339028470e-01
1.645113620874185e+00 9.994123011128977e-01
1.645115632004467e+00 9.994089066167362e-01
1.645117643139666e+00 9.994046019273810e-01
1.645119654279783e+00 9.993993266252801e-01
1.645121665424816e+00 9.993929713382386e-01
1.645123676574767e+00 9.993853788473643e-01
1.645125687729635e+00 9.993763618986122e-01
1.645127698889421e+00 9.993656218284741e-01
1.645129710054124e+00 9.993528890190646e-01
1.645131721223744e+00 9.993378922808915e-01
1.645133732398281e+00 9.993203204940073e-01
1.645135743577735e+00 9.992998396628536e-01
1.645137754762107e+00 9.992760540917516e-01
1.645139765951397e+00 9.992485261172989e-01
1.645141777145603e+00 9.992167694726959e-01
1.645143788344728e+00 9.991802836302668e-01
1.645145799548769e+00 9.991386448964478e-01
1.645147810757728e+00 9.990914749796502e-01
1.645149821971605e+00 9.990387622383423e-01
1.645151833190399e+00 9.989815796354242e-01
1.645153844414110e+00 9.989202755620777e-01
1.645155855642739e+00 9.988577875421148e-01
1.645157866876285e+00 9.987976776547379e-01
1.645159878114749e+00 9.987443896168853e-01
1.645161889358131e+00 9.987025746414302e-01
1.645163900606430e+00 9.986761660240804e-01
1.645165911859647e+00 9.986674799545371e-01
1.645167923117781e+00 9.986765445706429e-01
1.645169934380833e+00 9.987012457415754e-01
1.645171945648803e+00 9.987378167109523e-01
1.645173956921690e+00 9.987817638715916e-01
1.645175968199495e+00 9.988286710984169e-01
1.645177979482218e+00 9.988749228237386e-01
1.645179990769858e+00 9.989179924504722e-01
1.645182002062417e+00 9.989564699682050e-01
1.645184013359893e+00 9.989898327855348e-01
1.645186024662286e+00 9.990177996223792e-01
1.645188035969598e+00 9.990417494555004e-01
1.645190047281827e+00 9.990617181174457e-01
1.645192058598974e+00 9.990781929227525e-01
1.645194069921039e+00 9.990914661320858e-01
1.645196081248023e+00 9.991018029395491e-01
1.645198092579923e+00 9.991092513664627e-01
1.645200103916742e+00 9.991138720070012e-01
1.645202115258479e+00 9.991157607873902e-01
1.645204126605133e+00 9.991150884889066e-01
1.645206137956706e+00 9.991121731582098e-01
1.645208149313196e+00 9.991073256242089e-01
1.645210160674605e+00 9.991009148070589e-01
1.645212172040931e+00 9.990932803484611e-01
1.645214183412176e+00 9.990846209693700e-01
1.645216194788339e+00 9.990749474964106e-01
1.645218206169419e+00 9.990640658070333e-01
1.645220217555418e+00 9.990517835831270e-01
1.645222228946335e+00 9.990376974456012e-01
1.645224240342170e+00 9.990219671744853e-01
1.645226251742923e+00 9.990049226908013e-01
1.645228263148594e+00 9.989876479026041e-01
1.645230274559184e+00 9.989699044391094e-01
1.645232285974691e+00 9.989526885648948e-01
1.645234297395118e+00 9.989361175907804e-01
1.645236308820462e+00 9.989198915738087e-01
1.645238320250724e+00 9.989035524399079e-01
1.645240331685905e+00 9.988867844788403e-01
1.645242343126004e+00 9.988696014336896e-01
1.645244354571021e+00 9.988523719388724e-01
1.645246366020956e+00 9.988357957683374e-01
1.645248377475810e+00 9.988208177645305e-01
1.645250388935583e+00 9.988085616684651e-01
1.645252400400273e+00 9.988001643225345e-01
1.645254411869882e+00 9.987964233932918e-01
1.645256423344410e+00 9.987973918499611e-01
1.645258434823856e+00 9.988022313567714e-01
1.645260446308220e+00 9.988095181604005e-01
1.645262457797503e+00 9.988175457056488e-01
1.645264469291704e+00 9.988248484348825e-01
1.645266480790824e+00 9.988304486564783e-01
1.645268492294862e+00 9.988338907583443e-01
1.645270503803819e+00 9.988350798339232e-01
1.645272515317694e+00 9.988342348296477e-01
1.645274526836488e+00 9.988316230767669e-01
1.645276538360201e+00 9.988274679607301e-01
1.645278549888832e+00 9.988218997323434e-01
1.645280561422382e+00 9.988148713229106e-01
1.645282572960850e+00 9.988062747425183e-01
1.645284584504238e+00 9.987960039887079e-01
1.645286596052543e+00 9.987839906278815e-01
1.645288607605768e+00 9.987702049572484e-01
1.645290619163911e+00 9.987545797296734e-01
1.645292630726973e+00 9.987370437590322e-01
1.645294642294954e+00 9.987175890073573e-01
1.645296653867853e+00 9.986961871022241e-01
1.645298665445672e+00 9.986728274728328e-01
1.645300677028409e+00 9.986475288578398e-01
1.645302688616065e+00 9.986203617387278e-01
1.645304700208639e+00 9.985913905550128e-01
1.645306711806133e+00 9.985607798380929e-01
1.645308723408546e+00 9.985287721076064e-01
1.645310735015877e+00 9.984956378726018e-01
1.645312746628127e+00 9.984619451755381e-01
1.645314758245296e+00 9.984285358275596e-01
1.645316769867385e+00 9.983962946484364e-01
1.645318781494392e+00 9.983661456305424e-01
1.645320793126318e+00 9.983385660238782e-01
1.645322804763163e+00 9.983134548536914e-01
1.645324816404927e+00 9.982902124900191e-01
1.645326828051611e+00 9.982680330924956e-01
1.645328839703213e+00 9.982463071787588e-01
1.645330851359734e+00 9.982246575058898e-01
1.645332863021175e+00 9.982031535602188e-01
1.645334874687534e+00 9.981820768938439e-01
1.645336886358813e+00 9.981616481459806e-01
1.645338898035011e+00 9.981418138253251e-01
1.645340909716128e+00 9.981221826620417e-01
1.645342921402164e+00 9.981020882691909e-01
1.645344933093120e+00 9.980808013379581e-01
1.645346944788995e+00 9.980576891780394e-01
1.645348956489789e+00 9.980323540944296e-01
1.645350968195502e+00 9.980044825622553e-01
1.645352979906134e+00 9.979739447892341e-01
1.645354991621686e+00 9.979407352113876e-01
1.645357003342157e+00 9.979048880175636e-01
1.645359015067547e+00 9.978665031633209e-01
1.645361026797857e+00 9.978257059321188e-01
1.645363038533086e+00 9.977826715526820e-01
1.645365050273235e+00 9.977376177510286e-01
1.645367062018303e+00 9.976907998585569e-01
1.645369073768290e+00 9.976424950035966e-01
1.645371085523197e+00 9.975928281314239e-01
1.645373097283023e+00 9.975417794714826e-01
1.645375109047769e+00 9.974892633051062e-01
1.645377120817434e+00 9.974349336042613e-01
1.645379132592019e+00 9.973785198966978e-01
1.645381144371523e+00 9.973195541756347e-01
1.645383156155947e+00 9.972577160044763e-01
1.645385167945290e+00 9.971927289307497e-01
1.645387179739553e+00 9.971243586235015e-01
1.645389191538736e+00 9.970525131536068e-01
1.645391203342838e+00 9.969771111000434e-01
1.645393215151860e+00 9.968981207753312e-01
1.645395226965801e+00 9.968156586137193e-01
1.645397238784662e+00 9.967297607523453e-01
1.645399250608443e+00 9.966404726338944e-01
1.645401262437144e+00 9.965477081607562e-01
1.645403274270764e+00 9.964512151883468e-01
1.645405286109304e+00 9.963506366227650e-01
1.645407297952764e+00 9.962455462071891e-01
1.645409309801144e+00 9.961355714988143e-01
1.645411321654443e+00 9.960203212721186e-01
1.645413333512662e+00 9.958993758106037e-01
1.645415345375801e+00 9.957723210280648e-01
1.645417357243860e+00 9.956387192812288e-01
1.645419369116839e+00 9.954981875236226e-01
1.645421380994738e+00 9.953505085341698e-01
1.645423392877556e+00 9.951957369397824e-01
1.645425404765295e+00 9.950342847297006e-01
1.645427416657953e+00 9.948668732330892e-01
1.645429428555532e+00 9.946944281422376e-01
1.645431440458030e+00 9.945177301063637e-01
1.645433452365448e+00 9.943370694037620e-01
1.645435464277787e+00 9.941520996130108e-01
1.645437476195045e+00 9.939616891693621e-01
1.645439488117224e+00 9.937640683869462e-01
1.645441500044322e+00 9.935571100993424e-01
1.645443511976341e+00 9.933386729541939e-01
1.645445523913280e+00 9.931068735762777e-01
1.645447535855139e+00 9.928601849974874e-01
1.645449547801918e+00 9.925973985569991e-01
1.645451559753617e+00 9.923174120615605e-01
1.645453571710237e+00 9.920189235631307e-01
1.645455583671776e+00 9.917003187404774e-01
1.645457595638236e+00 9.913595890584048e-01
1.645459607609616e+00 9.909943706806810e-01
1.645461619585916e+00 9.906019867051309e-01
1.645463631567136e+00 9.901795877045459e-01
1.645465643553278e+00 9.897241390845365e-01
1.645467655544339e+00 9.892323708776319e-01
1.645469667540320e+00 9.887007131658094e-01
1.645471679541222e+00 9.881252108184356e-01
1.645473691547044e+00 9.875012880605771e-01
1.645475703557787e+00 9.868089889652208e-01
1.645477715573450e+00 9.860700985846872e-01
1.645479727594033e+00 9.852563729296454e-01
1.645481739619537e+00 9.843753571152155e-01
1.645483751649961e+00 9.834012275212712e-01
1.645485763685306e+00 9.823409160877459e-01
1.645487775725571e+00 9.811736479881555e-01
1.645489787770757e+00 9.798849320252498e-01
1.645491799820863e+00 9.784577633270154e-01
1.645493811875890e+00 9.768722925989314e-01
1.645495823935837e+00 9.751047510031563e-01
1.645497836000706e+00 9.731273051291557e-01
1.645499848070494e+00 9.709068500380140e-01
1.645501860145203e+00 9.684040584023724e-01
1.645503872224833e+00 9.655722005050272e-01
1.645505884309383e+00 9.623392809879168e-01
1.645507896398854e+00 9.586704482779080e-01
1.645509908493246e+00 9.544646331903571e-01
1.645511920592559e+00 9.496440084068191e-01
1.645513932696792e+00 9.441106487270863e-01
1.645515944805946e+00 9.377486658942820e-01
1.645517956920020e+00 9.304457099468267e-01
1.645519969039016e+00 9.221014062036138e-01
1.645521981162932e+00 9.126531027371776e-01
1.645523993291769e+00 9.021117092724685e-01
1.645526005425527e+00 8.906113711604706e-01
1.645528017564206e+00 8.784584911845263e-01
1.645530029707805e+00 8.661612571357657e-01
1.645532041856326e+00 8.544128679401642e-01
1.645534054009767e+00 8.440122898152594e-01
1.645536066168130e+00 8.357288104149975e-01
1.645538078331413e+00 8.301376955762463e-01
1.645540090499617e+00 8.274716212027562e-01
1.645542102672743e+00 8.275415368893100e-01
1.645544114850789e+00 8.297597786877847e-01
1.645546127033756e+00 8.332769785400883e-01
1.645548139221644e+00 8.371648032727268e-01
1.645550151414453e+00 8.405888890151897e-01
1.645552163612184e+00 8.429288813550798e-01
1.645554175814835e+00 8.438434636568044e-01
1.645556188022408e+00 8.433057464685216e-01
1.645558200234902e+00 8.416063572563025e-01
1.645560212452317e+00 8.393240268394809e-01
1.645562224674652e+00 8.372476769904024e-01
1.645564236901909e+00 8.362429921626394e-01
1.645566249134088e+00 8.370916796128148e-01
1.645568261371187e+00 8.403285565599883e-01
1.645570273613208e+00 8.461284381428157e-01
1.645572285860150e+00 8.542713663255607e-01
1.645574298112013e+00 8.642139920346721e-01
1.645576310368798e+00 8.752334214446753e-01
1.645578322630504e+00 8.866005867924452e-01
1.645580334897131e+00 8.977137508919757e-01
1.645582347168679e+00 9.081590470246468e-01
1.645584359445149e+00 9.177059523812541e-01
1.645586371726541e+00 9.262669016383684e-01
1.645588384012853e+00 9.338497698182421e-01
1.645590396304087e+00 9.405170045458068e-01
1.645592408600243e+00 9.463577895655120e-01
1.645594420901320e+00 9.514805922852789e-01
1.645596433207318e+00 9.559509341752386e-01
1.645598445518238e+00 9.598710506047414e-01
1.645600457834079e+00 9.633239008325735e-01
1.645602470154842e+00 9.663603125794478e-01
1.645604482480527e+00 9.690557752076497e-01
1.645606494811132e+00 9.714385800666695e-01
1.645608507146660e+00 9.735604421380404e-01
1.645610519487109e+00 9.754560617116524e-01
1.645612531832480e+00 9.771548921201476e-01
1.645614544182772e+00 9.786818714188685e-01
1.645616556537986e+00 9.800584743561588e-01
1.645618568898122e+00 9.813031824973795e-01
1.645620581263179e+00 9.824320108820128e-01
1.645622593633158e+00 9.834589267992526e-01
1.645624606008059e+00 9.844120653101571e-01
1.645626618387881e+00 9.852686999309956e-01
1.645628630772625e+00 9.860562279337683e-01
1.645630643162291e+00 9.867975644763367e-01
1.645632655556879e+00 9.874689856698452e-01
1.645634667956389e+00 9.880928199211617e-01
1.645636680360820e+00 9.886735094457331e-01
1.645638692770173e+00 9.892146149292725e-01
1.645640705184448e+00 9.897188851096118e-01
1.645642717603645e+00 9.901887034622264e-01
1.645644730027764e+00 9.906263446975430e-01
1.645646742456805e+00 9.910340226258312e-01
1.645648754890768e+00 9.914139206977919e-01
1.645650767329653e+00 9.917681543405689e-01
1.645652779773459e+00 9.920987323585019e-01
1.645654792222188e+00 9.924075751767150e-01
1.645656804675838e+00 9.926964102349648e-01
1.645658817134411e+00 9.929668563932639e-01
1.645660829597906e+00 9.932204211409639e-01
1.645662842066323e+00 9.934585043348525e-01
1.645664854539661e+00 9.936822992695379e-01
1.645666867017923e+00 9.938928538012989e-01
1.645668879501105e+00 9.940909783796830e-01
1.645670891989210e+00 9.942773017109423e-01
1.645672904482238e+00 9.944522195596013e-01
1.645674916980187e+00 9.946160635336092e-01
1.645676929483059e+00 9.947689300592182e-01
1.645678941990853e+00 9.949111124266622e-01
1.645680954503569e+00 9.950429730237171e-01
1.645682967021207e+00 9.951652269531541e-01
1.645684979543768e+00 9.952789547090203e-01
1.645686992071251e+00 9.953857914171734e-01
1.645689004603656e+00 9.954877907428226e-01
1.645691017140983e+00 9.955873322766094e-01
1.645693029683233e+00 9.956866834658203e-01
1.645695042230405e+00 9.957875186696873e-01
1.645697054782500e+00 9.958904606861854e-01
1.645699067339517e+00 9.959949253192931e-01
1.645701079901456e+00 9.960993628750088e-01
1.645703092468318e+00 9.962017700203155e-01
1.645705105040102e+00 9.963002727414624e-01
1.645707117616809e+00 9.963935510087867e-01
1.645709130198437e+00 9.964810184524007e-01
1.645711142784989e+00 9.965626990638660e-01
1.645713155376463e+00 9.966389912377370e-01
1.645715167972860e+00 9.967105175253406e-01
1.645717180574179e+00 9.967777570740048e-01
1.645719193180421e+00 9.968410151489266e-01
1.645721205791585e+00 9.969004158661401e-01
1.645723218407672e+00 9.969559928896561e-01
1.645725231028681e+00 9.970078045416089e-01
1.645727243654614e+00 9.970560951477997e-01
1.645729256285468e+00 9.971013159713161e-01
1.645731268921246e+00 9.971440767255347e-01
1.645733281561946e+00 9.971846297003035e-01
1.645735294207569e+00 9.972244380833604e-01
1.645737306858114e+00 9.972634207498715e-01
1.645739319513583e+00 9.973015100319925e-01
1.645741332173974e+00 9.973383106041778e-01
1.645743344839288e+00 9.973731618925057e-01
1.645745357509524e+00 9.974052827144633e-01
1.645747370184684e+00 9.974338841419993e-01
1.645749382864766e+00 9.974582426802692e-01
1.645751395549772e+00 9.974776589656122e-01
1.645753408239700e+00 9.974916057416906e-01
1.645755420934551e+00 9.974997855009247e-01
1.645757433634324e+00 9.975019981350011e-01
1.645759446339021e+00 9.974984626142485e-01
1.645761459048641e+00 9.974896639296528e-01
1.645763471763184e+00 9.974762028007742e-01
1.645765484482649e+00 9.974585661890323e-01
1.645767497207038e+00 9.974367550126185e-01
1.645769509936350e+00 9.974100345447110e-01
1.645771522670584e+00 9.973768664896552e-01
1.645773535409742e+00 9.973350443307142e-01
1.645775548153823e+00 9.972822167573472e-01
1.645777560902827e+00 9.972164405235039e-01
1.645779573656754e+00 9.971369334769495e-01
1.645781586415604e+00 9.970449397041695e-01
1.645783599179377e+00 9.969444548728650e-01
1.645785611948074e+00 9.968428106385093e-01
1.645787624721693e+00 9.967506666962610e-01
1.645789637500236e+00 9.966808691416182e-01
1.645791650283702e+00 9.966461362563286e-01
1.645793663072092e+00 9.966558067450014e-01
1.645795675865404e+00 9.967130983207815e-01
1.645797688663640e+00 9.968140551105095e-01
1.645799701466799e+00 9.969488762895551e-01
1.645801714274881e+00 9.971048851400691e-01
1.645803727087887e+00 9.972696314805248e-01
1.645805739905816e+00 9.974329951538082e-01
1.645807752728669e+00 9.975880189889331e-01
1.645809765556444e+00 9.977307325197385e-01
1.645811778389143e+00 9.978594502280376e-01
1.645813791226766e+00 9.979740753749532e-01
1.645815804069312e+00 9.980754895232977e-01
1.645817816916782e+00 9.981651194337354e-01
1.645819829769175e+00 9.982445157852560e-01
1.645821842626491e+00 9.983152338192358e-01
1.645823855488731e+00 9.983788043693196e-01
1.645825868355894e+00 9.984363938647187e-01
1.645827881227981e+00 9.984887539197390e-01
1.645829894104992e+00 9.985364474991304e-01
1.645831906986926e+00 9.985797513063711e-01
1.645833919873784e+00 9.986188928615374e-01
1.645835932765565e+00 9.986540705935477e-01
1.645837945662270e+00 9.986855756692198e-01
1.645839958563899e+00 9.987136165538264e-01
1.645841971470451e+00 9.987385226928316e-01
1.645843984381927e+00 9.987606631284409e-01
1.645845997298326e+00 9.987804524236407e-01
1.645848010219650e+00 9.987983325177412e-01
1.645850023145897e+00 9.988147289994385e-01
1.645852036077068e+00 9.988300163306248e-01
1.645854049013162e+00 9.988448763310224e-01
1.645856061954181e+00 9.988584690732054e-01
1.645858074900123e+00 9.988712458032141e-01
1.645860087850989e+00 9.988829153113564e-01
1.645862100806779e+00 9.988931528869519e-01
1.645864113767493e+00 9.989016841638119e-01
1.645866126733130e+00 9.989083824603130e-01
1.645868139703692e+00 9.989133499574475e-01
1.645870152679178e+00 9.989169329386790e-01
1.645872165659587e+00 9.989198174973485e-01
1.645874178644920e+00 9.989228334719521e-01
1.645876191635178e+00 9.989269453758074e-01
1.645878204630359e+00 9.989331212292684e-01
1.645880217630464e+00 9.989420316109739e-01
1.645882230635494e+00 9.989539820972064e-01
1.645884243645447e+00 9.989688212643137e-01
1.645886256660325e+00 9.989860089237246e-01
1.645888269680126e+00 9.990042098797858e-01
1.645890282704852e+00 9.990235235891305e-01
1.645892295734502e+00 9.990426262374967e-01
1.645894308769076e+00 9.990609153755940e-01
1.645896321808574e+00 9.990780297666788e-01
1.645898334852996e+00 9.990938523551449e-01
1.645900347902342e+00 9.991083419881761e-01
1.645902360956613e+00 9.991214600740932e-01
1.645904374015808e+00 9.991332646459341e-01
1.645906387079927e+00 9.991436729324050e-01
1.645908400148970e+00 9.991525626392104e-01
1.645910413222938e+00 9.991597688640468e-01
1.645912426301830e+00 9.991650847950950e-01
1.645914439385646e+00 9.991683308035135e-01
1.645916452474387e+00 9.991693836636841e-01
1.645918465568052e+00 9.991682522813791e-01
1.645920478666641e+00 9.991651393938810e-01
1.645922491770155e+00 9.991604834212923e-01
1.645924504878593e+00 9.991550740669481e-01
1.645926517991956e+00 9.991499557509087e-01
1.645928531110243e+00 9.991462215548381e-01
1.645930544233454e+00 9.991446997737512e-01
1.645932557361590e+00 9.991457188152708e-01
1.645934570494650e+00 9.991490366519429e-01
1.645936583632635e+00 9.991540393675677e-01
1.645938596775545e+00 9.991601338842884e-01
1.645940609923379e+00 9.991669507580809e-01
1.645942623076137e+00 9.991741554113105e-01
1.645944636233820e+00 9.991816183901392e-01
1.645946649396428e+00 9.991890261298977e-01
1.645948662563961e+00 9.991959237377159e-01
1.645950675736418e+00 9.992018328048289e-01
1.645952688913799e+00 9.992064927937463e-01
1.645954702096106e+00 9.992100734962150e-01
1.645956715283337e+00 9.992132631014101e-01
1.645958728475493e+00 9.992171955527738e-01
1.645960741672573e+00 9.992231691139750e-01
1.645962754874578e+00 9.992321389145218e-01
1.645964768081508e+00 9.992445170064457e-01
1.645966781293363e+00 9.992599536781199e-01
1.645968794510143e+00 9.992775144055486e-01
1.645970807731847e+00 9.992959991795942e-01
1.645972820958477e+00 9.993142796447502e-01
1.645974834190031e+00 9.993315168539993e-01
1.645976847426510e+00 9.993472158093937e-01
1.645978860667914e+00 9.993611965910533e-01
1.645980873914243e+00 9.993735536118038e-01
1.645982887165496e+00 9.993844332057051e-01
1.645984900421675e+00 9.993941332213581e-01
1.645986913682778e+00 9.994029828230850e-01
1.645988926948807e+00 9.994112823624164e-01
1.645990940219761e+00 9.994192662998103e-01
1.645992953495640e+00 9.994269818998873e-01
1.645994966776444e+00 9.994344434817322e-01
1.645996980062172e+00 9.994415636756457e-01
1.645998993352826e+00 9.994482291513123e-01
