# G & A Technical Software, Inc.  (GATS) Spectral Calculator
# http://www.spectralcalc.com
# Date: Mon Apr  1 07:18:35 2024
# Line list: hitran2020
#
# Cell Number: 1
# Pressure (mb) = 1013.25
# Temperature (K) = 296
# Length (cm) = 10
# Gas               Isotope Id            Volume Mixing Ratio   
#  CH4              0  All Isotopes       0.31                 
#
# Bandpass Starting Wavelength (microns) = 1.64500100542563
# Bandpass Ending Wavelength (microns) = 1.64599899335283
# Number of Spectral Points = 497
# Mean Transmittance = 0.923077078061598
#
#   Wavelength (microns)   Transmittance
1.645001005425629e+00 9.964636971020484e-01
1.645003016280578e+00 9.965285153170438e-01
1.645005027140443e+00 9.965919327624699e-01
1.645007038005225e+00 9.966504310425661e-01
1.645009048874923e+00 9.967015573135023e-01
1.645011059749538e+00 9.967441823349449e-01
1.645013070629068e+00 9.967780919660881e-01
1.645015081513515e+00 9.968038005491514e-01
1.645017092402878e+00 9.968224177713213e-01
1.645019103297157e+00 9.968351747240545e-01
1.645021114196353e+00 9.968432284105927e-01
1.645023125100465e+00 9.968476491462500e-01
1.645025136009493e+00 9.968484531294729e-01
1.645027146923437e+00 9.968451893886725e-01
1.645029157842298e+00 9.968374336953294e-01
1.645031168766076e+00 9.968246149773952e-01
1.645033179694769e+00 9.968068202307927e-01
1.645035190628380e+00 9.967843045479443e-01
1.645037201566906e+00 9.967577948777089e-01
1.645039212510350e+00 9.967287164413495e-01
1.645041223458709e+00 9.966988215304978e-01
1.645043234411985e+00 9.966701815426608e-01
1.645045245370178e+00 9.966443517952609e-01
1.645047256333287e+00 9.966221196274478e-01
1.645049267301313e+00 9.966035212287494e-01
1.645051278274255e+00 9.965879767691019e-01
1.645053289252114e+00 9.965735792576816e-01
1.645055300234890e+00 9.965590610668891e-01
1.645057311222581e+00 9.965430718111380e-01
1.645059322215190e+00 9.965245444940183e-01
1.645061333212716e+00 9.965027866879488e-01
1.645063344215158e+00 9.964775041831803e-01
1.645065355222517e+00 9.964481710635555e-01
1.645067366234792e+00 9.964142629122474e-01
1.645069377251984e+00 9.963754435835596e-01
1.645071388274093e+00 9.963314491983544e-01
1.645073399301119e+00 9.962820953341900e-01
1.645075410333062e+00 9.962272758577364e-01
1.645077421369921e+00 9.961669858730415e-01
1.645079432411698e+00 9.961014515708356e-01
1.645081443458390e+00 9.960314137685247e-01
1.645083454510000e+00 9.959584943240688e-01
1.645085465566527e+00 9.958851521811679e-01
1.645087476627971e+00 9.958144697245342e-01
1.645089487694331e+00 9.957499457920367e-01
1.645091498765609e+00 9.956944770352749e-01
1.645093509841803e+00 9.956495747827737e-01
1.645095520922915e+00 9.956150456668020e-01
1.645097532008943e+00 9.955893146598863e-01
1.645099543099889e+00 9.955701247436444e-01
1.645101554195751e+00 9.955551960577753e-01
1.645103565296531e+00 9.955420519343442e-01
1.645105576402227e+00 9.955302792528858e-01
1.645107587512841e+00 9.955170149292480e-01
1.645109598628372e+00 9.955011422911105e-01
1.645111609748820e+00 9.954815401177054e-01
1.645113620874185e+00 9.954570057273019e-01
1.645115632004467e+00 9.954266981742448e-01
1.645117643139666e+00 9.953900181978115e-01
1.645119654279783e+00 9.953463148293948e-01
1.645121665424816e+00 9.952947473319256e-01
1.645123676574767e+00 9.952342143986685e-01
1.645125687729635e+00 9.951634748017866e-01
1.645127698889421e+00 9.950806322873930e-01
1.645129710054124e+00 9.949839102441179e-01
1.645131721223744e+00 9.948715059537645e-01
1.645133732398281e+00 9.947413402749340e-01
1.645135743577735e+00 9.945912248842039e-01
1.645137754762107e+00 9.944186386433936e-01
1.645139765951397e+00 9.942208936758232e-01
1.645141777145603e+00 9.939951773561919e-01
1.645143788344728e+00 9.937387165431342e-01
1.645145799548769e+00 9.934495370429456e-01
1.645147810757728e+00 9.931262754528902e-01
1.645149821971605e+00 9.927701055809498e-01
1.645151833190399e+00 9.923859386831375e-01
1.645153844414110e+00 9.919832371207572e-01
1.645155855642739e+00 9.915782281995135e-01
1.645157866876285e+00 9.911928567441176e-01
1.645159878114749e+00 9.908534235457210e-01
1.645161889358131e+00 9.905867182894215e-01
1.645163900606430e+00 9.904150187881280e-01
1.645165911859647e+00 9.903512759059999e-01
1.645167923117781e+00 9.903956431301100e-01
1.645169934380833e+00 9.905362428588990e-01
1.645171945648803e+00 9.907516600832407e-01
1.645173956921690e+00 9.910160635924237e-01
1.645175968199495e+00 9.913033853283747e-01
1.645177979482218e+00 9.915915956508681e-01
1.645179990769858e+00 9.918644834154333e-01
1.645182002062417e+00 9.921121705811392e-01
1.645184013359893e+00 9.923299706546416e-01
1.645186024662286e+00 9.925177432989026e-01
1.645188035969598e+00 9.926767407923067e-01
1.645190047281827e+00 9.928094860033537e-01
1.645192058598974e+00 9.929185137031458e-01
1.645194069921039e+00 9.930054400366048e-01
1.645196081248023e+00 9.930721343703751e-01
1.645198092579923e+00 9.931190856061465e-01
1.645200103916742e+00 9.931469351639006e-01
1.645202115258479e+00 9.931564926165677e-01
1.645204126605133e+00 9.931489529229108e-01
1.645206137956706e+00 9.931262500175653e-01
1.645208149313196e+00 9.930902407251556e-01
1.645210160674605e+00 9.930430064636938e-01
1.645212172040931e+00 9.929864317070334e-01
1.645214183412176e+00 9.929216517706265e-01
1.645216194788339e+00 9.928489234676248e-01
1.645218206169419e+00 9.927675014788531e-01
1.645220217555418e+00 9.926769580503613e-01
1.645222228946335e+00 9.925752411808327e-01
1.645224240342170e+00 9.924639237738341e-01
1.645226251742923e+00 9.923449470932615e-01
1.645228263148594e+00 9.922213263868869e-01
1.645230274559184e+00 9.920971745565126e-01
1.645232285974691e+00 9.919751487911046e-01
1.645234297395118e+00 9.918561817468109e-01
1.645236308820462e+00 9.917392101526423e-01
1.645238320250724e+00 9.916223188466250e-01
1.645240331685905e+00 9.915041365385471e-01
1.645242343126004e+00 9.913848603559873e-01
1.645244354571021e+00 9.912665946425241e-01
1.645246366020956e+00 9.911533682912568e-01
1.645248377475810e+00 9.910505725813612e-01
1.645250388935583e+00 9.909642299138193e-01
1.645252400400273e+00 9.908999579610543e-01
1.645254411869882e+00 9.908614298269720e-01
1.645256423344410e+00 9.908485529973274e-01
1.645258434823856e+00 9.908569172884358e-01
1.645260446308220e+00 9.908794008233850e-01
1.645262457797503e+00 9.909071312806366e-01
1.645264469291704e+00 9.909321529419471e-01
1.645266480790824e+00 9.909487095023216e-01
1.645268492294862e+00 9.909536423771683e-01
1.645270503803819e+00 9.909456381194988e-01
1.645272515317694e+00 9.909252230791515e-01
1.645274526836488e+00 9.908932710306322e-01
1.645276538360201e+00 9.908506523686993e-01
1.645278549888832e+00 9.907980125508506e-01
1.645280561422382e+00 9.907349970145495e-01
1.645282572960850e+00 9.906610366348597e-01
1.645284584504238e+00 9.905754899267475e-01
1.645286596052543e+00 9.904779272615444e-01
1.645288607605768e+00 9.903681252925152e-01
1.645290619163911e+00 9.902456795407781e-01
1.645292630726973e+00 9.901101594622671e-01
1.645294642294954e+00 9.899615695072114e-01
1.645296653867853e+00 9.897998648655084e-01
1.645298665445672e+00 9.896251072709783e-01
1.645300677028409e+00 9.894375441548164e-01
1.645302688616065e+00 9.892377705990734e-01
1.645304700208639e+00 9.890263089108109e-01
1.645306711806133e+00 9.888044365178166e-01
1.645308723408546e+00 9.885739557740691e-01
1.645310735015877e+00 9.883368535516226e-01
1.645312746628127e+00 9.880965818414361e-01
1.645314758245296e+00 9.878577559234918e-01
1.645316769867385e+00 9.876245138554364e-01
1.645318781494392e+00 9.874013576856887e-01
1.645320793126318e+00 9.871906360836409e-01
1.645322804763163e+00 9.869921682980541e-01
1.645324816404927e+00 9.868036282341127e-01
1.645326828051611e+00 9.866216196070884e-01
1.645328839703213e+00 9.864434240625469e-01
1.645330851359734e+00 9.862669021186753e-01
1.645332863021175e+00 9.860917277856248e-01
1.645334874687534e+00 9.859184016979883e-01
1.645336886358813e+00 9.857471248627037e-01
1.645338898035011e+00 9.855769939359017e-01
1.645340909716128e+00 9.854057461259330e-01
1.645342921402164e+00 9.852298365407758e-01
1.645344933093120e+00 9.850453797601045e-01
1.645346944788995e+00 9.848488089668961e-01
1.645348956489789e+00 9.846377013340010e-01
1.645350968195502e+00 9.844099364908330e-01
1.645352979906134e+00 9.841644472095931e-01
1.645354991621686e+00 9.839008848276469e-01
1.645357003342157e+00 9.836192419134050e-01
1.645359015067547e+00 9.833199662871800e-01
1.645361026797857e+00 9.830037002916243e-01
1.645363038533086e+00 9.826714085110022e-01
1.645365050273235e+00 9.823242508429542e-01
1.645367062018303e+00 9.819635326031233e-01
1.645369073768290e+00 9.815906419156568e-01
1.645371085523197e+00 9.812060916951595e-01
1.645373097283023e+00 9.808095340312866e-01
1.645375109047769e+00 9.804004923749141e-01
1.645377120817434e+00 9.799768267413065e-01
1.645379132592019e+00 9.795371513498757e-01
1.645381144371523e+00 9.790785007311382e-01
1.645383156155947e+00 9.785990187917469e-01
1.645385167945290e+00 9.780968817092566e-01
1.645387179739553e+00 9.775705859705113e-01
1.645389191538736e+00 9.770193628477165e-01
1.645391203342838e+00 9.764425127781927e-01
1.645393215151860e+00 9.758395544124928e-01
1.645395226965801e+00 9.752108090171890e-01
1.645397238784662e+00 9.745559130492276e-01
1.645399250608443e+00 9.738747093253642e-01
1.645401262437144e+00 9.731662602988940e-01
1.645403274270764e+00 9.724289688033635e-01
1.645405286109304e+00 9.716605357018927e-01
1.645407297952764e+00 9.708583774219879e-01
1.645409309801144e+00 9.700200164633899e-01
1.645411321654443e+00 9.691427262974445e-01
1.645413333512662e+00 9.682236417845607e-01
1.645415345375801e+00 9.672599610708579e-01
1.645417357243860e+00 9.662489646394482e-01
1.645419369116839e+00 9.651883902534237e-01
1.645421380994738e+00 9.640770495570834e-01
1.645423392877556e+00 9.629153322954428e-01
1.645425404765295e+00 9.617055518140670e-01
1.645427416657953e+00 9.604516532880928e-01
1.645429428555532e+00 9.591583869327160e-01
1.645431440458030e+00 9.578296021856150e-01
1.645433452365448e+00 9.564659860240637e-01
1.645435464277787e+00 9.550646932147010e-01
1.645437476195045e+00 9.536183495724967e-01
1.645439488117224e+00 9.521158017304454e-01
1.645441500044322e+00 9.505438131874748e-01
1.645443511976341e+00 9.488887941953422e-01
1.645445523913280e+00 9.471382702927742e-01
1.645447535855139e+00 9.452814242389773e-01
1.645449547801918e+00 9.433090197233126e-01
1.645451559753617e+00 9.412123848324374e-01
1.645453571710237e+00 9.389817538463038e-01
1.645455583671776e+00 9.366061100154163e-01
1.645457595638236e+00 9.340721790406932e-01
1.645459607609616e+00 9.313651662140158e-01
1.645461619585916e+00 9.284680226332335e-01
1.645463631567136e+00 9.253627029180974e-01
1.645465643553278e+00 9.220298215937774e-01
1.645467655544339e+00 9.184485322144288e-01
1.645469667540320e+00 9.145960267569626e-01
1.645471679541222e+00 9.104474028228648e-01
1.645473691547044e+00 9.059744953401214e-01
1.645475703557787e+00 9.010433535089258e-01
1.645477715573450e+00 8.958112626643568e-01
1.645479727594033e+00 8.900875407085852e-01
1.645481739619537e+00 8.839372377202901e-01
1.645483751649961e+00 8.771940130156646e-01
1.645485763685306e+00 8.699169712532415e-01
1.645487775725571e+00 8.619835570421320e-01
1.645489787770757e+00 8.533180924802615e-01
1.645491799820863e+00 8.438351143977869e-01
1.645493811875890e+00 8.334385987931967e-01
1.645495823935837e+00 8.220181429005969e-01
1.645497836000706e+00 8.094507750543334e-01
1.645499848070494e+00 7.955985388082590e-01
1.645501860145203e+00 7.803084000254056e-01
1.645503872224833e+00 7.634127025723844e-01
1.645505884309383e+00 7.446349375051667e-01
1.645507896398854e+00 7.239705432205379e-01
1.645509908493246e+00 7.010960749014100e-01
1.645511920592559e+00 6.759070976177796e-01
1.645513932696792e+00 6.482808682135897e-01
1.645515944805946e+00 6.181358987206335e-01
1.645517956920020e+00 5.855300408963723e-01
1.645519969039016e+00 5.506996143393448e-01
1.645521981162932e+00 5.141193547383225e-01
1.645523993291769e+00 4.765486670374096e-01
1.645526005425527e+00 4.390440530332281e-01
1.645528017564206e+00 4.029018375627578e-01
1.645530029707805e+00 3.695234428804918e-01
1.645532041856326e+00 3.402236983820409e-01
1.645534054009767e+00 3.160400465121193e-01
1.645536066168130e+00 2.975986035667553e-01
1.645538078331413e+00 2.850676936149945e-01
1.645540090499617e+00 2.781730024799908e-01
1.645542102672743e+00 2.762397450488769e-01
1.645544114850789e+00 2.782429142428410e-01
1.645546127033756e+00 2.828785144668728e-01
1.645548139221644e+00 2.886829429837847e-01
1.645550151414453e+00 2.942075718118948e-01
1.645552163612184e+00 2.982459370796287e-01
1.645554175814835e+00 3.000516780351366e-01
1.645556188022408e+00 2.995062686621865e-01
1.645558200234902e+00 2.971557252932019e-01
1.645560212452317e+00 2.941116297127347e-01
1.645562224674652e+00 2.918330974902617e-01
1.645564236901909e+00 2.918670885338949e-01
1.645566249134088e+00 2.956157863537672e-01
1.645568261371187e+00 3.041658372596544e-01
1.645570273613208e+00 3.181939564253512e-01
1.645572285860150e+00 3.379014910376886e-01
1.645574298112013e+00 3.629886377587855e-01
1.645576310368798e+00 3.926865206432945e-01
1.645578322630504e+00 4.258642711216497e-01
1.645580334897131e+00 4.612055410985393e-01
1.645582347168679e+00 4.974026121940405e-01
1.645584359445149e+00 5.333125200708798e-01
1.645586371726541e+00 5.680448754805774e-01
1.645588384012853e+00 6.009827724499894e-01
1.645590396304087e+00 6.317594490805307e-01
1.645592408600243e+00 6.601972304826117e-01
1.645594420901320e+00 6.863528898430866e-01
1.645596433207318e+00 7.101334195121811e-01
1.645598445518238e+00 7.317471397532360e-01
1.645600457834079e+00 7.514033362888045e-01
1.645602470154842e+00 7.691730665636728e-01
1.645604482480527e+00 7.853385665886641e-01
1.645606494811132e+00 7.999423195369626e-01
1.645608507146660e+00 8.131996718055471e-01
1.645610519487109e+00 8.252488716395119e-01
1.645612531832480e+00 8.362154413640134e-01
1.645614544182772e+00 8.462110012945375e-01
1.645616556537986e+00 8.553365838440328e-01
1.645618568898122e+00 8.636829334711583e-01
1.645620581263179e+00 8.713313602309161e-01
1.645622593633158e+00 8.783551774831441e-01
1.645624606008059e+00 8.849281326540098e-01
1.645626618387881e+00 8.908834910747196e-01
1.645628630772625e+00 8.963951015756731e-01
1.645630643162291e+00 9.016113228889493e-01
1.645632655556879e+00 9.063615710689681e-01
1.645634667956389e+00 9.107935489407577e-01
1.645636680360820e+00 9.149347928413836e-01
1.645638692770173e+00 9.188081735638515e-01
1.645640705184448e+00 9.224318941130154e-01
1.645642717603645e+00 9.258218725892724e-01
1.645644730027764e+00 9.289929351360158e-01
1.645646742456805e+00 9.319593452089362e-01
1.645648754890768e+00 9.347350306149056e-01
1.645650767329653e+00 9.373334501437972e-01
1.645652779773459e+00 9.397675047773176e-01
1.645654792222188e+00 9.420495539202085e-01
1.645656804675838e+00 9.441909225988367e-01
1.645658817134411e+00 9.462022168642372e-01
1.645660829597906e+00 9.480932906245004e-01
1.645662842066323e+00 9.498733639386503e-01
1.645664854539661e+00 9.515502627975080e-01
1.645666867017923e+00 9.531310597460899e-01
1.645668879501105e+00 9.546213936821968e-01
1.645670891989210e+00 9.560258397187609e-01
1.645672904482238e+00 9.573477532813964e-01
1.645674916980187e+00 9.585900289672382e-01
1.645676929483059e+00 9.597544544796410e-01
1.645678941990853e+00 9.608438671658119e-01
1.645680954503569e+00 9.618616275258303e-01
1.645682967021207e+00 9.628130396950556e-01
1.645684979543768e+00 9.637054438777054e-01
1.645686992071251e+00 9.645491736574161e-01
1.645689004603656e+00 9.653566217884091e-01
1.645691017140983e+00 9.661415741983408e-01
1.645693029683233e+00 9.669170034434434e-01
1.645695042230405e+00 9.676923160393671e-01
1.645697054782500e+00 9.684714288112085e-01
1.645699067339517e+00 9.692518151888437e-01
1.645701079901456e+00 9.700258289663075e-01
1.645703092468318e+00 9.707830854628384e-01
1.645705105040102e+00 9.715134849450058e-01
1.645707117616809e+00 9.722094978165824e-01
1.645709130198437e+00 9.728673853173095e-01
1.645711142784989e+00 9.734865906937772e-01
1.645713155376463e+00 9.740687196179998e-01
1.645715167972860e+00 9.746168511435044e-01
1.645717180574179e+00 9.751335738833717e-01
1.645719193180421e+00 9.756207874551325e-01
1.645721205791585e+00 9.760797145696920e-01
1.645723218407672e+00 9.765111499595832e-01
1.645725231028681e+00 9.769160086607265e-01
1.645727243654614e+00 9.772961033034331e-01
1.645729256285468e+00 9.776542256164519e-01
1.645731268921246e+00 9.779938634855315e-01
1.645733281561946e+00 9.783155970790981e-01
1.645735294207569e+00 9.786289803298933e-01
1.645737306858114e+00 9.789327561136658e-01
1.645739319513583e+00 9.792265615756651e-01
1.645741332173974e+00 9.795082639903955e-01
1.645743344839288e+00 9.797741810130681e-01
1.645745357509524e+00 9.800198201313230e-01
1.645747370184684e+00 9.802404425991035e-01
1.645749382864766e+00 9.804316577451393e-01
1.645751395549772e+00 9.805891706939737e-01
1.645753408239700e+00 9.807098889993382e-01
1.645755420934551e+00 9.807922243053875e-01
1.645757433634324e+00 9.808349702914950e-01
1.645759446339021e+00 9.808394719004643e-01
1.645761459048641e+00 9.808083118358670e-01
1.645763471763184e+00 9.807445021968220e-01
1.645765484482649e+00 9.806503125150077e-01
1.645767497207038e+00 9.805252949515467e-01
1.645769509936350e+00 9.803653069750597e-01
1.645771522670584e+00 9.801624439873314e-01
1.645773535409742e+00 9.799056936439816e-01
1.645775548153823e+00 9.795844516107858e-01
1.645777560902827e+00 9.791912596286998e-01
1.645779573656754e+00 9.787260986937063e-01
1.645781586415604e+00 9.782008491352361e-01
1.645783599179377e+00 9.776425328983276e-01
1.645785611948074e+00 9.770951366598584e-01
1.645787624721693e+00 9.766180049003094e-01
1.645789637500236e+00 9.762788339288582e-01
1.645791650283702e+00 9.761421006904772e-01
1.645793663072092e+00 9.762539686093338e-01
1.645795675865404e+00 9.766303984581222e-01
1.645797688663640e+00 9.772524976519800e-01
1.645799701466799e+00 9.780721704831224e-01
1.645801714274881e+00 9.790251031356185e-01
1.645803727087887e+00 9.800450734437397e-01
1.645805739905816e+00 9.810748760061346e-01
1.645807752728669e+00 9.820717798959482e-01
1.645809765556444e+00 9.830083272068496e-01
1.645811778389143e+00 9.838698016027377e-01
1.645813791226766e+00 9.846513374462169e-01
1.645815804069312e+00 9.853545839722744e-01
1.645817816916782e+00 9.859859189304803e-01
1.645819829769175e+00 9.865525676324217e-01
1.645821842626491e+00 9.870626749957940e-01
1.645823855488731e+00 9.875248386445694e-01
1.645825868355894e+00 9.879457932476692e-01
1.645827881227981e+00 9.883300789861273e-01
1.645829894104992e+00 9.886815073206837e-01
1.645831906986926e+00 9.890021403968727e-01
1.645833919873784e+00 9.892937862712793e-01
1.645835932765565e+00 9.895579868780200e-01
1.645837945662270e+00 9.897967518742730e-01
1.645839958563899e+00 9.900115989005159e-01
1.645841971470451e+00 9.902047413130521e-01
1.645843984381927e+00 9.903785820545221e-01
1.645845997298326e+00 9.905357594644245e-01
1.645848010219650e+00 9.906790123005689e-01
1.645850023145897e+00 9.908109265570311e-01
1.645852036077068e+00 9.909337689017391e-01
1.645854049013162e+00 9.910523059539107e-01
1.645856061954181e+00 9.911602803646572e-01
1.645858074900123e+00 9.912613121693872e-01
1.645860087850989e+00 9.913540189525705e-01
1.645862100806779e+00 9.914368656185056e-01
1.645864113767493e+00 9.915086354031758e-01
1.645866126733130e+00 9.915689389658686e-01
1.645868139703692e+00 9.916186866481298e-01
1.645870152679178e+00 9.916601127860645e-01
1.645872165659587e+00 9.916975100984636e-01
1.645874178644920e+00 9.917358213632108e-01
1.645876191635178e+00 9.917807207610260e-01
1.645878204630359e+00 9.918378401736236e-01
1.645880217630464e+00 9.919110459145846e-01
1.645882230635494e+00 9.920021098384630e-01
1.645884243645447e+00 9.921101960454071e-01
1.645886256660325e+00 9.922323114263497e-01
1.645888269680126e+00 9.923636561757015e-01
1.645890282704852e+00 9.924989527428293e-01
1.645892295734502e+00 9.926333631696367e-01
1.645894308769076e+00 9.927631286552817e-01
1.645896321808574e+00 9.928857918376195e-01
1.645898334852996e+00 9.930002652847810e-01
1.645900347902342e+00 9.931059412746421e-01
1.645902360956613e+00 9.932022592256671e-01
1.645904374015808e+00 9.932894897719785e-01
1.645906387079927e+00 9.933670393497205e-01
1.645908400148970e+00 9.934342302884207e-01
1.645910413222938e+00 9.934902314521612e-01
1.645912426301830e+00 9.935340240421819e-01
1.645914439385646e+00 9.935648712693212e-01
1.645916452474387e+00 9.935824684142368e-01
1.645918465568052e+00 9.935873093724914e-01
1.645920478666641e+00 9.935810082196649e-01
1.645922491770155e+00 9.935663337535048e-01
1.645924504878593e+00 9.935476866630947e-01
1.645926517991956e+00 9.935304505374394e-01
1.645928531110243e+00 9.935200155515189e-01
1.645930544233454e+00 9.935204430344908e-01
1.645932557361590e+00 9.935336326400778e-01
1.645934570494650e+00 9.935589806398615e-01
1.645936583632635e+00 9.935940579750829e-01
1.645938596775545e+00 9.936363249983631e-01
1.645940609923379e+00 9.936838674267495e-01
1.645942623076137e+00 9.937342654026955e-01
1.645944636233820e+00 9.937863462433100e-01
1.645946649396428e+00 9.938381674103642e-01
1.645948662563961e+00 9.938875152166308e-01
1.645950675736418e+00 9.939323551279020e-01
1.645952688913799e+00 9.939718885728266e-01
1.645954702096106e+00 9.940074183613086e-01
1.645956715283337e+00 9.940426480802127e-01
1.645958728475493e+00 9.940832362453550e-01
1.645960741672573e+00 9.941354821241886e-01
1.645962754874578e+00 9.942037912414573e-01
1.645964768081508e+00 9.942900994781306e-01
1.645966781293363e+00 9.943927246276059e-01
1.645968794510143e+00 9.945071601762649e-01
1.645970807731847e+00 9.946273816971063e-01
1.645972820958477e+00 9.947474384866239e-01
1.645974834190031e+00 9.948625689916425e-01
1.645976847426510e+00 9.949696510410599e-01
1.645978860667914e+00 9.950672446761498e-01
1.645980873914243e+00 9.951554851974836e-01
1.645982887165496e+00 9.952348868533036e-01
1.645984900421675e+00 9.953069000591055e-01
1.645986913682778e+00 9.953732177895017e-01
1.645988926948807e+00 9.954354214151093e-01
1.645990940219761e+00 9.954948535699589e-01
1.645992953495640e+00 9.955517168095410e-01
1.645994966776444e+00 9.956062346194009e-01
1.645996980062172e+00 9.956580162294275e-01
1.645998993352826e+00 9.957064932263162e-01
