# G & A Technical Software, Inc.  (GATS) Spectral Calculator
# http://www.spectralcalc.com
# Date: Mon Apr  1 07:16:44 2024
# Line list: hitran2020
#
# Cell Number: 1
# Pressure (mb) = 1013.25
# Temperature (K) = 296
# Length (cm) = 10
# Gas               Isotope Id            Volume Mixing Ratio   
#  CH4              0  All Isotopes       0.32                 
#
# Bandpass Starting Wavelength (microns) = 1.64500100542563
# Bandpass Ending Wavelength (microns) = 1.64599899335283
# Number of Spectral Points = 497
# Mean Transmittance = 0.921277933422796
#
#   Wavelength (microns)   Transmittance
1.645001005425629e+00 9.963430652569596e-01
1.645003016280578e+00 9.964095919202784e-01
1.645005027140443e+00 9.964747045164254e-01
1.645007038005225e+00 9.965347882937351e-01
1.645009048874923e+00 9.965873217310679e-01
1.645011059749538e+00 9.966311373687640e-01
1.645013070629068e+00 9.966660087319148e-01
1.645015081513515e+00 9.966924556252713e-01
1.645017092402878e+00 9.967116105509186e-01
1.645019103297157e+00 9.967247285758272e-01
1.645021114196353e+00 9.967329906971463e-01
1.645023125100465e+00 9.967374926329283e-01
1.645025136009493e+00 9.967382535941326e-01
1.645027146923437e+00 9.967348170895918e-01
1.645029157842298e+00 9.967267559244620e-01
1.645031168766076e+00 9.967134877265185e-01
1.645033179694769e+00 9.966951106335140e-01
1.645035190628380e+00 9.966718878471826e-01
1.645037201566906e+00 9.966445669050278e-01
1.645039212510350e+00 9.966146083859834e-01
1.645041223458709e+00 9.965838061588088e-01
1.645043234411985e+00 9.965542759342542e-01
1.645045245370178e+00 9.965276088060343e-01
1.645047256333287e+00 9.965046052340355e-01
1.645049267301313e+00 9.964853067267982e-01
1.645051278274255e+00 9.964691235351886e-01
1.645053289252114e+00 9.964541066631025e-01
1.645055300234890e+00 9.964389619524722e-01
1.645057311222581e+00 9.964223062382020e-01
1.645059322215190e+00 9.964030455157162e-01
1.645061333212716e+00 9.963804647171218e-01
1.645063344215158e+00 9.963542583160954e-01
1.645065355222517e+00 9.963238842416736e-01
1.645067366234792e+00 9.962888070321513e-01
1.645069377251984e+00 9.962486797123642e-01
1.645071388274093e+00 9.962032340664326e-01
1.645073399301119e+00 9.961522836509441e-01
1.645075410333062e+00 9.960957244821671e-01
1.645077421369921e+00 9.960335575157672e-01
1.645079432411698e+00 9.959660284475307e-01
1.645081443458390e+00 9.958939035545710e-01
1.645083454510000e+00 9.958188476414900e-01
1.645085465566527e+00 9.957433786826710e-01
1.645087476627971e+00 9.956706337918316e-01
1.645089487694331e+00 9.956041775605249e-01
1.645091498765609e+00 9.955469529711878e-01
1.645093509841803e+00 9.955005021061961e-01
1.645095520922915e+00 9.954646357202588e-01
1.645097532008943e+00 9.954377682993263e-01
1.645099543099889e+00 9.954176083595476e-01
1.645101554195751e+00 9.954018388172570e-01
1.645103565296531e+00 9.953879184789006e-01
1.645105576402227e+00 9.953754305733001e-01
1.645107587512841e+00 9.953614243930113e-01
1.645109598628372e+00 9.953447486835688e-01
1.645111609748820e+00 9.953242495033934e-01
1.645113620874185e+00 9.952986812750402e-01
1.645115632004467e+00 9.952671703081548e-01
1.645117643139666e+00 9.952290887428450e-01
1.645119654279783e+00 9.951837584250115e-01
1.645121665424816e+00 9.951303096282177e-01
1.645123676574767e+00 9.950676079538228e-01
1.645125687729635e+00 9.949943758952927e-01
1.645127698889421e+00 9.949086616171732e-01
1.645129710054124e+00 9.948086380681006e-01
1.645131721223744e+00 9.946924512463462e-01
1.645133732398281e+00 9.945579643892296e-01
1.645135743577735e+00 9.944029247496429e-01
1.645137754762107e+00 9.942247395765570e-01
1.645139765951397e+00 9.940206556278440e-01
1.645141777145603e+00 9.937877960959767e-01
1.645143788344728e+00 9.935233239229084e-01
1.645145799548769e+00 9.932252422974870e-01
1.645147810757728e+00 9.928921870623351e-01
1.645149821971605e+00 9.925254113086238e-01
1.645151833190399e+00 9.921300127270360e-01
1.645153844414110e+00 9.917157456325766e-01
1.645155855642739e+00 9.912993019204782e-01
1.645157866876285e+00 9.909031897782697e-01
1.645159878114749e+00 9.905543675544037e-01
1.645161889358131e+00 9.902802622310010e-01
1.645163900606430e+00 9.901036576723059e-01
1.645165911859647e+00 9.900378113584005e-01
1.645167923117781e+00 9.900828690133170e-01
1.645169934380833e+00 9.902266917614350e-01
1.645171945648803e+00 9.904473585151414e-01
1.645173956921690e+00 9.907184274166257e-01
1.645175968199495e+00 9.910131885898008e-01
1.645177979482218e+00 9.913090520887023e-01
1.645179990769858e+00 9.915893515687275e-01
1.645182002062417e+00 9.918439062677897e-01
1.645184013359893e+00 9.920678641272683e-01
1.645186024662286e+00 9.922610075568593e-01
1.645188035969598e+00 9.924245949533406e-01
1.645190047281827e+00 9.925611810388570e-01
1.645192058598974e+00 9.926733437145724e-01
1.645194069921039e+00 9.927627407929094e-01
1.645196081248023e+00 9.928312852225767e-01
1.645198092579923e+00 9.928794923596184e-01
1.645200103916742e+00 9.929080310483733e-01
1.645202115258479e+00 9.929177364700478e-01
1.645204126605133e+00 9.929098411848503e-01
1.645206137956706e+00 9.928863272372990e-01
1.645208149313196e+00 9.928491010028627e-01
1.645210160674605e+00 9.928002897168779e-01
1.645212172040931e+00 9.927418223375902e-01
1.645214183412176e+00 9.926748677524991e-01
1.645216194788339e+00 9.925996851331931e-01
1.645218206169419e+00 9.925155377922795e-01
1.645220217555418e+00 9.924220051593838e-01
1.645222228946335e+00 9.923170008070606e-01
1.645224240342170e+00 9.922021625778571e-01
1.645226251742923e+00 9.920794651254362e-01
1.645228263148594e+00 9.919520066473738e-01
1.645230274559184e+00 9.918239742950526e-01
1.645232285974691e+00 9.916980864189648e-01
1.645234297395118e+00 9.915752980043779e-01
1.645236308820462e+00 9.914545598851985e-01
1.645238320250724e+00 9.913339306392340e-01
1.645240331685905e+00 9.912120162907697e-01
1.645242343126004e+00 9.910890360741279e-01
1.645244354571021e+00 9.909671416908117e-01
1.645246366020956e+00 9.908504484295709e-01
1.645248377475810e+00 9.907444786621098e-01
1.645250388935583e+00 9.906553745014943e-01
1.645252400400273e+00 9.905888521632223e-01
1.645254411869882e+00 9.905486386867217e-01
1.645256423344410e+00 9.905346450750083e-01
1.645258434823856e+00 9.905423535758000e-01
1.645260446308220e+00 9.905645135433964e-01
1.645262457797503e+00 9.905920691273556e-01
1.645264469291704e+00 9.906169056968254e-01
1.645266480790824e+00 9.906331211639390e-01
1.645268492294862e+00 9.906374684599135e-01
1.645270503803819e+00 9.906285663032023e-01
1.645272515317694e+00 9.906069353829324e-01
1.645274526836488e+00 9.905734363430035e-01
1.645276538360201e+00 9.905289559889755e-01
1.645278549888832e+00 9.904741359809972e-01
1.645280561422382e+00 9.904086201486804e-01
1.645282572960850e+00 9.903318184863372e-01
1.645284584504238e+00 9.902430834437728e-01
1.645286596052543e+00 9.901419534704122e-01
1.645288607605768e+00 9.900282156871307e-01
1.645290619163911e+00 9.899014540467135e-01
1.645292630726973e+00 9.897612163488976e-01
1.645294642294954e+00 9.896075239938374e-01
1.645296653867853e+00 9.894403205945870e-01
1.645298665445672e+00 9.892596903988511e-01
1.645300677028409e+00 9.890658848727392e-01
1.645302688616065e+00 9.888595076257802e-01
1.645304700208639e+00 9.886411226729961e-01
1.645306711806133e+00 9.884120276517624e-01
1.645308723408546e+00 9.881741037774401e-01
1.645310735015877e+00 9.879293862281174e-01
1.645312746628127e+00 9.876814104578082e-01
1.645314758245296e+00 9.874348855566238e-01
1.645316769867385e+00 9.871940488760769e-01
1.645318781494392e+00 9.869634544935053e-01
1.645320793126318e+00 9.867454928699938e-01
1.645322804763163e+00 9.865400086532415e-01
1.645324816404927e+00 9.863446415173518e-01
1.645326828051611e+00 9.861559771711896e-01
1.645328839703213e+00 9.859712432334641e-01
1.645330851359734e+00 9.857882662309048e-01
1.645332863021175e+00 9.856066615084498e-01
1.645334874687534e+00 9.854269312472097e-01
1.645336886358813e+00 9.852492175770964e-01
1.645338898035011e+00 9.850725946586961e-01
1.645340909716128e+00 9.848947339216787e-01
1.645342921402164e+00 9.847120227283034e-01
1.645344933093120e+00 9.845204853262812e-01
1.645346944788995e+00 9.843164691752614e-01
1.645348956489789e+00 9.840974937150400e-01
1.645350968195502e+00 9.838613955010108e-01
1.645352979906134e+00 9.836070271544727e-01
1.645354991621686e+00 9.833340530403680e-01
1.645357003342157e+00 9.830424502348121e-01
1.645359015067547e+00 9.827326728420651e-01
1.645361026797857e+00 9.824053767251462e-01
1.645363038533086e+00 9.820615233378213e-01
1.645365050273235e+00 9.817023223663535e-01
1.645367062018303e+00 9.813291013217755e-01
1.645369073768290e+00 9.809432685829390e-01
1.645371085523197e+00 9.805453359218721e-01
1.645373097283023e+00 9.801349238499386e-01
1.645375109047769e+00 9.797115773615984e-01
1.645377120817434e+00 9.792730843904089e-01
1.645379132592019e+00 9.788180141795896e-01
1.645381144371523e+00 9.783433522356814e-01
1.645383156155947e+00 9.778471783891283e-01
1.645385167945290e+00 9.773276250936078e-01
1.645387179739553e+00 9.767831197181225e-01
1.645389191538736e+00 9.762129187601143e-01
1.645391203342838e+00 9.756162316568041e-01
1.645393215151860e+00 9.749925771001305e-01
1.645395226965801e+00 9.743423194375639e-01
1.645397238784662e+00 9.736650137015600e-01
1.645399250608443e+00 9.729604722561338e-01
1.645401262437144e+00 9.722277734024839e-01
1.645403274270764e+00 9.714652046105282e-01
1.645405286109304e+00 9.706704540825136e-01
1.645407297952764e+00 9.698408433177402e-01
1.645409309801144e+00 9.689738385722982e-01
1.645411321654443e+00 9.680666347228286e-01
1.645413333512662e+00 9.671162387525721e-01
1.645415345375801e+00 9.661198463268276e-01
1.645417357243860e+00 9.650745744310846e-01
1.645419369116839e+00 9.639781959081821e-01
1.645421380994738e+00 9.628294026244402e-01
1.645423392877556e+00 9.616286859260843e-01
1.645425404765295e+00 9.603783436605107e-01
1.645427416657953e+00 9.590824284843029e-01
1.645429428555532e+00 9.577457925594781e-01
1.645431440458030e+00 9.563722985443954e-01
1.645433452365448e+00 9.549626938626939e-01
1.645435464277787e+00 9.535139720253116e-01
1.645437476195045e+00 9.520185469402110e-01
1.645439488117224e+00 9.504650315943247e-01
1.645441500044322e+00 9.488397418471890e-01
1.645443511976341e+00 9.471287578684767e-01
1.645445523913280e+00 9.453192488656672e-01
1.645447535855139e+00 9.434001131059134e-01
1.645449547801918e+00 9.413617295437470e-01
1.645451559753617e+00 9.391951618465457e-01
1.645453571710237e+00 9.368903636864194e-01
1.645455583671776e+00 9.344359540194654e-01
1.645457595638236e+00 9.318183236437381e-01
1.645459607609616e+00 9.290222829153341e-01
1.645461619585916e+00 9.260302474212798e-01
1.645463631567136e+00 9.228238354232897e-01
1.645465643553278e+00 9.193829912128442e-01
1.645467655544339e+00 9.156864213311884e-01
1.645469667540320e+00 9.117106484453008e-01
1.645471679541222e+00 9.074302288930088e-01
1.645473691547044e+00 9.028161634511873e-01
1.645475703557787e+00 8.977307465025246e-01
1.645477715573450e+00 8.923362242799810e-01
1.645479727594033e+00 8.864363053144638e-01
1.645481739619537e+00 8.800986986388730e-01
1.645483751649961e+00 8.731523626190336e-01
1.645485763685306e+00 8.656587215034021e-01
1.645487775725571e+00 8.574922670092546e-01
1.645489787770757e+00 8.485761656682497e-01
1.645491799820863e+00 8.388234373195207e-01
1.645493811875890e+00 8.281367128168217e-01
1.645495823935837e+00 8.164042818813233e-01
1.645497836000706e+00 8.035019317791688e-01
1.645499848070494e+00 7.892906959261662e-01
1.645501860145203e+00 7.736169901611352e-01
1.645503872224833e+00 7.563131523943807e-01
1.645505884309383e+00 7.371017309684473e-01
1.645507896398854e+00 7.159847139118616e-01
1.645509908493246e+00 6.926397495328873e-01
1.645511920592559e+00 6.669713040302595e-01
1.645513932696792e+00 6.388665184868263e-01
1.645515944805946e+00 6.082576928847735e-01
1.645517956920020e+00 5.752208499862630e-01
1.645519969039016e+00 5.400135171288742e-01
1.645521981162932e+00 5.031342872236052e-01
1.645523993291769e+00 4.653628949828004e-01
1.645526005425527e+00 4.277689542314103e-01
1.645528017564206e+00 3.916489509236390e-01
1.645530029707805e+00 3.583875514285184e-01
1.645532041856326e+00 3.292662841919094e-01
1.645534054009767e+00 3.052796571535130e-01
1.645536066168130e+00 2.870101068659234e-01
1.645538078331413e+00 2.745909890695930e-01
1.645540090499617e+00 2.677284537509430e-01
1.645542102672743e+00 2.657469628301597e-01
1.645544114850789e+00 2.676369351151746e-01
1.645546127033756e+00 2.721221116471102e-01
1.645548139221644e+00 2.777706221175595e-01
1.645550151414453e+00 2.831630667008918e-01
1.645552163612184e+00 2.871147189525237e-01
1.645554175814835e+00 2.888904976891616e-01
1.645556188022408e+00 2.883725952110002e-01
1.645558200234902e+00 2.860969808384588e-01
1.645560212452317e+00 2.831549654564595e-01
1.645562224674652e+00 2.809795372443217e-01
1.645564236901909e+00 2.810891219668993e-01
1.645566249134088e+00 2.848620025062800e-01
1.645568261371187e+00 2.933724958552757e-01
1.645570273613208e+00 3.073009902256150e-01
1.645572285860150e+00 3.268688142582091e-01
1.645574298112013e+00 3.518104181712007e-01
1.645576310368798e+00 3.813972946222646e-01
1.645578322630504e+00 4.145352385696913e-01
1.645580334897131e+00 4.499327646480155e-01
1.645582347168679e+00 4.862907819060736e-01
1.645584359445149e+00 5.224602056274087e-01
1.645586371726541e+00 5.575354605649737e-01
1.645588384012853e+00 5.908782912218431e-01
1.645590396304087e+00 6.221011997214224e-01
1.645592408600243e+00 6.510076544526329e-01
1.645594420901320e+00 6.776402353626182e-01
1.645596433207318e+00 7.018914072000496e-01
1.645598445518238e+00 7.239629485071318e-01
1.645600457834079e+00 7.440595477081549e-01
1.645602470154842e+00 7.622466482859066e-01
1.645604482480527e+00 7.788074095751555e-01
1.645606494811132e+00 7.937806460246745e-01
1.645608507146660e+00 8.073836336962543e-01
1.645610519487109e+00 8.197552427499063e-01
1.645612531832480e+00 8.310219295654373e-01
1.645614544182772e+00 8.412966035829644e-01
1.645616556537986e+00 8.506817380154588e-01
1.645618568898122e+00 8.592693660247632e-01
1.645620581263179e+00 8.671420066312090e-01
1.645622593633158e+00 8.743743758752395e-01
1.645624606008059e+00 8.811447284303913e-01
1.645626618387881e+00 8.872809430335726e-01
1.645628630772625e+00 8.929613949330952e-01
1.645630643162291e+00 8.983386329849418e-01
1.645632655556879e+00 9.032365602125870e-01
1.645634667956389e+00 9.078071316672619e-01
1.645636680360820e+00 9.120785853269884e-01
1.645638692770173e+00 9.160743566666467e-01
1.645640705184448e+00 9.198131788249539e-01
1.645642717603645e+00 9.233114148347782e-01
1.645644730027764e+00 9.265842605713962e-01
1.645646742456805e+00 9.296463571691617e-01
1.645648754890768e+00 9.325120559949365e-01
1.645650767329653e+00 9.351951161630384e-01
1.645652779773459e+00 9.377088630988528e-01
1.645654792222188e+00 9.400659064192068e-01
1.645656804675838e+00 9.422779493133592e-01
1.645658817134411e+00 9.443558777545441e-01
1.645660829597906e+00 9.463098093053798e-01
1.645662842066323e+00 9.481492449955963e-01
1.645664854539661e+00 9.498822139035001e-01
1.645666867017923e+00 9.515159781002587e-01
1.645668879501105e+00 9.530563810113609e-01
1.645670891989210e+00 9.545081305438042e-01
1.645672904482238e+00 9.558747098409082e-01
1.645674916980187e+00 9.571591343597582e-01
1.645676929483059e+00 9.583632170822849e-01
1.645678941990853e+00 9.594900212429026e-01
1.645680954503569e+00 9.605429206811776e-01
1.645682967021207e+00 9.615274684843599e-01
1.645684979543768e+00 9.624511751299255e-01
1.645686992071251e+00 9.633246759837005e-01
1.645689004603656e+00 9.641606840823179e-01
1.645691017140983e+00 9.649733142256707e-01
1.645693029683233e+00 9.657758106527093e-01
1.645695042230405e+00 9.665778510112731e-01
1.645697054782500e+00 9.673834116268304e-01
1.645699067339517e+00 9.681899754333070e-01
1.645701079901456e+00 9.689897322506693e-01
1.645703092468318e+00 9.697721114013396e-01
1.645705105040102e+00 9.705268215654346e-01
1.645707117616809e+00 9.712461175751272e-01
1.645709130198437e+00 9.719261886951052e-01
1.645711142784989e+00 9.725664427596018e-01
1.645713155376463e+00 9.731684953154501e-01
1.645715167972860e+00 9.737354561790035e-01
1.645717180574179e+00 9.742700020046150e-01
1.645719193180421e+00 9.747740599376795e-01
1.645721205791585e+00 9.752489320535332e-01
1.645723218407672e+00 9.756954114431763e-01
1.645725231028681e+00 9.761144934356786e-01
1.645727243654614e+00 9.765080032784541e-01
1.645729256285468e+00 9.768788376013318e-01
1.645731268921246e+00 9.772305745103139e-01
1.645733281561946e+00 9.775637613844049e-01
1.645735294207569e+00 9.778882295651490e-01
1.645737306858114e+00 9.782026310930223e-01
1.645739319513583e+00 9.785066609273080e-01
1.645741332173974e+00 9.787980777931264e-01
1.645743344839288e+00 9.790731482572369e-01
1.645745357509524e+00 9.793272616493762e-01
1.645747370184684e+00 9.795555646809463e-01
1.645749382864766e+00 9.797535645255236e-01
1.645751395549772e+00 9.799168530817373e-01
1.645753408239700e+00 9.800422439597111e-01
1.645755420934551e+00 9.801281306537878e-01
1.645757433634324e+00 9.801732850231358e-01
1.645759446339021e+00 9.801790689053675e-01
1.645761459048641e+00 9.801481324701071e-01
1.645763471763184e+00 9.800835296798899e-01
1.645765484482649e+00 9.799875781063799e-01
1.645767497207038e+00 9.798598124235789e-01
1.645769509936350e+00 9.796959895740480e-01
1.645771522670584e+00 9.794880599480403e-01
1.645773535409742e+00 9.792248288231735e-01
1.645775548153823e+00 9.788955812516598e-01
1.645777560902827e+00 9.784927909582934e-01
1.645779573656754e+00 9.780166052975252e-01
1.645781586415604e+00 9.774793702467718e-01
1.645783599179377e+00 9.769088847653107e-01
1.645785611948074e+00 9.763502074963869e-01
1.645787624721693e+00 9.758640092853101e-01
1.645789637500236e+00 9.755193601035255e-01
1.645791650283702e+00 9.753819956164056e-01
1.645793663072092e+00 9.754988694864305e-01
1.645795675865404e+00 9.758863016700133e-01
1.645797688663640e+00 9.765250100283690e-01
1.645799701466799e+00 9.773661075946024e-01
1.645801714274881e+00 9.783439882208562e-01
1.645803727087887e+00 9.793911195471457e-01
1.645805739905816e+00 9.804489483239012e-01
1.645807752728669e+00 9.814736780422396e-01
1.645809765556444e+00 9.824370285415523e-01
1.645811778389143e+00 9.833237759729838e-01
1.645813791226766e+00 9.841287637754710e-01
1.645815804069312e+00 9.848535445434675e-01
1.645817816916782e+00 9.855045649714391e-01
1.645819829769175e+00 9.860891682931869e-01
1.645821842626491e+00 9.866156470157511e-01
1.645823855488731e+00 9.870927835089053e-01
1.645825868355894e+00 9.875274598049474e-01
1.645827881227981e+00 9.879243561584264e-01
1.645829894104992e+00 9.882873662359666e-01
1.645831906986926e+00 9.886186245543416e-01
1.645833919873784e+00 9.889200120228234e-01
1.645835932765565e+00 9.891931097729660e-01
1.645837945662270e+00 9.894399962308266e-01
1.645839958563899e+00 9.896622296752094e-01
1.645841971470451e+00 9.898620944804561e-01
1.645843984381927e+00 9.900420583047688e-01
1.645845997298326e+00 9.902048335330593e-01
1.645848010219650e+00 9.903532266496188e-01
1.645850023145897e+00 9.904899007927197e-01
1.645852036077068e+00 9.906171732461887e-01
1.645854049013162e+00 9.907399638880923e-01
1.645856061954181e+00 9.908518040257411e-01
1.645858074900123e+00 9.909564359918311e-01
1.645860087850989e+00 9.910524739379930e-01
1.645862100806779e+00 9.911383452210384e-01
1.645864113767493e+00 9.912128277295156e-01
1.645866126733130e+00 9.912755293055160e-01
1.645868139703692e+00 9.913274014249356e-01
1.645870152679178e+00 9.913707358269657e-01
1.645872165659587e+00 9.914099467099416e-01
1.645874178644920e+00 9.914500963536055e-01
1.645876191635178e+00 9.914969967567019e-01
1.645878204630359e+00 9.915564149375370e-01
1.645880217630464e+00 9.916323169272654e-01
1.645882230635494e+00 9.917265075627806e-01
1.645884243645447e+00 9.918381440778696e-01
1.645886256660325e+00 9.919641476600068e-01
1.645888269680126e+00 9.920996267560045e-01
1.645890282704852e+00 9.922391654133207e-01
1.645892295734502e+00 9.923778091768001e-01
1.645894308769076e+00 9.925116966544527e-01
1.645896321808574e+00 9.926382998082416e-01
1.645898334852996e+00 9.927564878621569e-01
1.645900347902342e+00 9.928656253265982e-01
1.645902360956613e+00 9.929651247583626e-01
1.645904374015808e+00 9.930552611763755e-01
1.645906387079927e+00 9.931354192631968e-01
1.645908400148970e+00 9.932049097928777e-01
1.645910413222938e+00 9.932628878061047e-01
1.645912426301830e+00 9.933083161094847e-01
1.645914439385646e+00 9.933404491837441e-01
1.645916452474387e+00 9.933589957077922e-01
1.645918465568052e+00 9.933644725378219e-01
1.645920478666641e+00 9.933585474786982e-01
1.645922491770155e+00 9.933440640982245e-01
1.645924504878593e+00 9.933255187780640e-01
1.645926517991956e+00 9.933084035305368e-01
1.645928531110243e+00 9.932982035346162e-01
1.645930544233454e+00 9.932990596974879e-01
1.645932557361590e+00 9.933129189077243e-01
1.645934570494650e+00 9.933391826947451e-01
1.645936583632635e+00 9.933754031596467e-01
1.645938596775545e+00 9.934190079623468e-01
1.645940609923379e+00 9.934680513699062e-01
1.645942623076137e+00 9.935200363704906e-01
1.645944636233820e+00 9.935737590979026e-01
1.645946649396428e+00 9.936272219201957e-01
1.645948662563961e+00 9.936781745975571e-01
1.645950675736418e+00 9.937245635682144e-01
1.645952688913799e+00 9.937655880835916e-01
1.645954702096106e+00 9.938025936918423e-01
1.645956715283337e+00 9.938393632655095e-01
1.645958728475493e+00 9.938816555339518e-01
1.645960741672573e+00 9.939358787032453e-01
1.645962754874578e+00 9.940065088206537e-01
1.645964768081508e+00 9.940955093500026e-01
1.645966781293363e+00 9.942011708787607e-01
1.645968794510143e+00 9.943189032751161e-01
1.645970807731847e+00 9.944425732306369e-01
1.645972820958477e+00 9.945661094396282e-01
1.645974834190031e+00 9.946846363392915e-01
1.645976847426510e+00 9.947949567176926e-01
1.645978860667914e+00 9.948955774543736e-01
1.645980873914243e+00 9.949866244085315e-01
1.645982887165496e+00 9.950686106750265e-01
1.645984900421675e+00 9.951430094759286e-01
1.645986913682778e+00 9.952115472429176e-01
1.645988926948807e+00 9.952758360721916e-01
1.645990940219761e+00 9.953372517041654e-01
1.645992953495640e+00 9.953959947729708e-01
1.645994966776444e+00 9.954523012121883e-01
1.645996980062172e+00 9.955057737932217e-01
1.645998993352826e+00 9.955558334963114e-01
