# G & A Technical Software, Inc.  (GATS) Spectral Calculator
# http://www.spectralcalc.com
# Date: Thu Apr  4 11:33:37 2024
# Line list: hitran2020
#
# Cell Number: 1
# Pressure (mb) = 1013.25
# Temperature (K) = 296
# Length (cm) = 10
# Gas               Isotope Id            Volume Mixing Ratio   
#  CH4              0  All Isotopes       0.08                 
#
# Bandpass Starting Wavelength (microns) = 1.64500100542563
# Bandpass Ending Wavelength (microns) = 1.64599899335283
# Number of Spectral Points = 497
# Mean Transmittance = 0.974826207185352
#
#   Wavelength (microns)   Transmittance
1.645001005425629e+00 9.991247453144751e-01
1.645003016280578e+00 9.991437614662573e-01
1.645005027140443e+00 9.991622239467688e-01
1.645007038005225e+00 9.991791049251333e-01
1.645009048874923e+00 9.991937254089862e-01
1.645011059749538e+00 9.992057991330512e-01
1.645013070629068e+00 9.992153124767356e-01
1.645015081513515e+00 9.992224699817598e-01
1.645017092402878e+00 9.992276433040388e-01
1.645019103297157e+00 9.992312497925013e-01
1.645021114196353e+00 9.992336707073264e-01
1.645023125100465e+00 9.992351116379723e-01
1.645025136009493e+00 9.992356675211340e-01
1.645027146923437e+00 9.992351908585988e-01
1.645029157842298e+00 9.992335016722791e-01
1.645031168766076e+00 9.992303914041258e-01
1.645033179694769e+00 9.992258389247581e-01
1.645035190628380e+00 9.992198992404155e-01
1.645037201566906e+00 9.992127839359455e-01
1.645039212510350e+00 9.992049174034037e-01
1.645041223458709e+00 9.991968509275466e-01
1.645043234411985e+00 9.991892111138441e-01
1.645045245370178e+00 9.991825344623066e-01
1.645047256333287e+00 9.991771040367894e-01
1.645049267301313e+00 9.991729224566370e-01
1.645051278274255e+00 9.991697586374357e-01
1.645053289252114e+00 9.991670071613045e-01
1.645055300234890e+00 9.991642304812558e-01
1.645057311222581e+00 9.991610091528855e-01
1.645059322215190e+00 9.991570400306955e-01
1.645061333212716e+00 9.991521439515054e-01
1.645063344215158e+00 9.991462658508681e-01
1.645065355222517e+00 9.991392600932160e-01
1.645067366234792e+00 9.991309735341929e-01
1.645069377251984e+00 9.991212959284894e-01
1.645071388274093e+00 9.991101389168762e-01
1.645073399301119e+00 9.990974318934606e-01
1.645075410333062e+00 9.990831117611378e-01
1.645077421369921e+00 9.990671231644228e-01
1.645079432411698e+00 9.990494580124505e-01
1.645081443458390e+00 9.990302600199357e-01
1.645083454510000e+00 9.990099854767324e-01
1.645085465566527e+00 9.989899290800538e-01
1.645087476627971e+00 9.989701619171646e-01
1.645089487694331e+00 9.989524457443080e-01
1.645091498765609e+00 9.989378490559720e-01
1.645093509841803e+00 9.989268981619054e-01
1.645095520922915e+00 9.989194425798387e-01
1.645097532008943e+00 9.989148042664782e-01
1.645099543099889e+00 9.989120940389906e-01
1.645101554195751e+00 9.989104953035949e-01
1.645103565296531e+00 9.989092639255673e-01
1.645105576402227e+00 9.989082504731683e-01
1.645107587512841e+00 9.989066968636845e-01
1.645109598628372e+00 9.989043059843490e-01
1.645111609748820e+00 9.989007880530389e-01
1.645113620874185e+00 9.988958543415398e-01
1.645115632004467e+00 9.988893349769353e-01
1.645117643139666e+00 9.988811283571177e-01
1.645119654279783e+00 9.988711140535442e-01
1.645121665424816e+00 9.988590864168179e-01
1.645123676574767e+00 9.988447537710163e-01
1.645125687729635e+00 9.988277733089609e-01
1.645127698889421e+00 9.988075997124499e-01
1.645129710054124e+00 9.987837380813073e-01
1.645131721223744e+00 9.987556894143750e-01
1.645133732398281e+00 9.987228809859783e-01
1.645135743577735e+00 9.986846989355800e-01
1.645137754762107e+00 9.986404204117241e-01
1.645139765951397e+00 9.985892487426564e-01
1.645141777145603e+00 9.985303058327584e-01
1.645143788344728e+00 9.984626937373889e-01
1.645145799548769e+00 9.983856669919011e-01
1.645147810757728e+00 9.982985770753371e-01
1.645149821971605e+00 9.982014553251135e-01
1.645151833190399e+00 9.980953746969293e-01
1.645153844414110e+00 9.979827977031966e-01
1.645155855642739e+00 9.978682740138797e-01
1.645157866876285e+00 9.977582895269779e-01
1.645159878114749e+00 9.976608865447828e-01
1.645161889358131e+00 9.975844513425425e-01
1.645163900606430e+00 9.975360564112630e-01
1.645165911859647e+00 9.975198596389914e-01
1.645167923117781e+00 9.975359140377552e-01
1.645169934380833e+00 9.975804194064873e-01
1.645171945648803e+00 9.976465982690470e-01
1.645173956921690e+00 9.977263510758927e-01
1.645175968199495e+00 9.978116889701394e-01
1.645177979482218e+00 9.978960413709014e-01
1.645179990769858e+00 9.979747766344996e-01
1.645182002062417e+00 9.980452798993005e-01
1.645184013359893e+00 9.981065370131724e-01
1.645186024662286e+00 9.981588580402376e-01
1.645188035969598e+00 9.982029030198095e-01
1.645190047281827e+00 9.982396350532229e-01
1.645192058598974e+00 9.982699200560339e-01
1.645194069921039e+00 9.982942846004319e-01
1.645196081248023e+00 9.983132199751561e-01
1.645198092579923e+00 9.983268241938206e-01
1.645200103916742e+00 9.983352190710553e-01
1.645202115258479e+00 9.983385879898186e-01
1.645204126605133e+00 9.983372480683403e-01
1.645206137956706e+00 9.983317790363353e-01
1.645208149313196e+00 9.983227403286702e-01
1.645210160674605e+00 9.983107958831402e-01
1.645212172040931e+00 9.982965523404587e-01
1.645214183412176e+00 9.982803665794238e-01
1.645216194788339e+00 9.982622650748681e-01
1.645218206169419e+00 9.982419155684893e-01
1.645220217555418e+00 9.982189993230126e-01
1.645222228946335e+00 9.981928042949190e-01
1.645224240342170e+00 9.981636447188773e-01
1.645226251742923e+00 9.981321197383870e-01
1.645228263148594e+00 9.980992433701479e-01
1.645230274559184e+00 9.980663844676075e-01
1.645232285974691e+00 9.980344354572201e-01
1.645234297395118e+00 9.980036195552077e-01
1.645236308820462e+00 9.979734277907799e-01
1.645238320250724e+00 9.979430663935366e-01
1.645240331685905e+00 9.979119865811790e-01
1.645242343126004e+00 9.978802128162820e-01
1.645244354571021e+00 9.978484091632208e-01
1.645246366020956e+00 9.978178380649615e-01
1.645248377475810e+00 9.977902078596833e-01
1.645250388935583e+00 9.977675259315215e-01
1.645252400400273e+00 9.977517974490354e-01
1.645254411869882e+00 9.977444156829709e-01
1.645256423344410e+00 9.977454561797339e-01
1.645258434823856e+00 9.977534280145569e-01
1.645260446308220e+00 9.977658165897125e-01
1.645262457797503e+00 9.977795910687365e-01
1.645264469291704e+00 9.977921286513474e-01
1.645266480790824e+00 9.978016613432563e-01
1.645268492294862e+00 9.978073399279178e-01
1.645270503803819e+00 9.978089582712224e-01
1.645272515317694e+00 9.978068799341759e-01
1.645274526836488e+00 9.978015572644380e-01
1.645276538360201e+00 9.977933766568147e-01
1.645278549888832e+00 9.977825672435300e-01
1.645280561422382e+00 9.977690440841157e-01
1.645282572960850e+00 9.977526174937644e-01
1.645284584504238e+00 9.977330903907543e-01
1.645286596052543e+00 9.977103403040289e-01
1.645288607605768e+00 9.976843133301597e-01
1.645290619163911e+00 9.976548828982097e-01
1.645292630726973e+00 9.976219282931130e-01
1.645294642294954e+00 9.975854240823635e-01
1.645296653867853e+00 9.975453355845695e-01
1.645298665445672e+00 9.975016434907918e-01
1.645300677028409e+00 9.974543886840876e-01
1.645302688616065e+00 9.974037061299059e-01
1.645304700208639e+00 9.973497177986862e-01
1.645306711806133e+00 9.972927339826938e-01
1.645308723408546e+00 9.972332139960367e-01
1.645310735015877e+00 9.971716641961217e-01
1.645312746628127e+00 9.971091201492528e-01
1.645314758245296e+00 9.970470900435316e-01
1.645316769867385e+00 9.969871246371990e-01
1.645318781494392e+00 9.969308439590079e-01
1.645320793126318e+00 9.968790869051475e-01
1.645322804763163e+00 9.968316914667599e-01
1.645324816404927e+00 9.967876312158974e-01
1.645326828051611e+00 9.967455216267588e-01
1.645328839703213e+00 9.967042924078262e-01
1.645330851359734e+00 9.966632714221092e-01
1.645332863021175e+00 9.966225449645015e-01
1.645334874687534e+00 9.965825710359436e-01
1.645336886358813e+00 9.965436885358119e-01
1.645338898035011e+00 9.965057815599496e-01
1.645340909716128e+00 9.964681465476743e-01
1.645342921402164e+00 9.964295933109375e-01
1.645344933093120e+00 9.963888309320609e-01
1.645346944788995e+00 9.963447150943758e-01
1.645348956489789e+00 9.962965283011272e-01
1.645350968195502e+00 9.962436891652470e-01
1.645352979906134e+00 9.961859470013846e-01
1.645354991621686e+00 9.961232797015411e-01
1.645357003342157e+00 9.960557429269351e-01
1.645359015067547e+00 9.959835057927753e-01
1.645361026797857e+00 9.959067958668114e-01
1.645363038533086e+00 9.958259285838200e-01
1.645365050273235e+00 9.957412930560676e-01
1.645367062018303e+00 9.956533413643972e-01
1.645369073768290e+00 9.955625713624934e-01
1.645371085523197e+00 9.954691868581190e-01
1.645373097283023e+00 9.953731528985554e-01
1.645375109047769e+00 9.952743145294898e-01
1.645377120817434e+00 9.951720391023032e-01
1.645379132592019e+00 9.950658467070567e-01
1.645381144371523e+00 9.949548861055486e-01
1.645383156155947e+00 9.948385779700138e-01
1.645385167945290e+00 9.947164123416040e-01
1.645387179739553e+00 9.945879620497269e-01
1.645389191538736e+00 9.944530554155634e-01
1.645391203342838e+00 9.943115260714153e-01
1.645393215151860e+00 9.941633162046374e-01
1.645395226965801e+00 9.940086185859501e-01
1.645397238784662e+00 9.938474686467090e-01
1.645399250608443e+00 9.936799366271993e-01
1.645401262437144e+00 9.935058467232455e-01
1.645403274270764e+00 9.933247393761606e-01
1.645405286109304e+00 9.931359543350194e-01
1.645407297952764e+00 9.929387316870746e-01
1.645409309801144e+00 9.927323793596298e-01
1.645411321654443e+00 9.925161705115114e-01
1.645413333512662e+00 9.922893367089141e-01
1.645415345375801e+00 9.920510985408439e-01
1.645417357243860e+00 9.918006712619410e-01
1.645419369116839e+00 9.915373567764667e-01
1.645421380994738e+00 9.912607610286700e-01
1.645423392877556e+00 9.909709994624122e-01
1.645425404765295e+00 9.906688051677114e-01
1.645427416657953e+00 9.903554688566052e-01
1.645429428555532e+00 9.900326423900714e-01
1.645431440458030e+00 9.897017075715203e-01
1.645433452365448e+00 9.893631443682261e-01
1.645435464277787e+00 9.890162827606094e-01
1.645437476195045e+00 9.886590727362453e-01
1.645439488117224e+00 9.882882535157832e-01
1.645441500044322e+00 9.878999652380084e-01
1.645443511976341e+00 9.874902951599254e-01
1.645445523913280e+00 9.870557630006556e-01
1.645447535855139e+00 9.865935404726425e-01
1.645449547801918e+00 9.861013376507596e-01
1.645451559753617e+00 9.855770774639048e-01
1.645453571710237e+00 9.850182903756680e-01
1.645455583671776e+00 9.844220145302381e-01
1.645457595638236e+00 9.837845234105645e-01
1.645459607609616e+00 9.831015073316699e-01
1.645461619585916e+00 9.823680791397760e-01
1.645463631567136e+00 9.815790319297644e-01
1.645465643553278e+00 9.807287445278481e-01
1.645467655544339e+00 9.798112742634971e-01
1.645469667540320e+00 9.788200142217498e-01
1.645471679541222e+00 9.777477523628837e-01
1.645473691547044e+00 9.765861294575554e-01
1.645475703557787e+00 9.752983033004813e-01
1.645477715573450e+00 9.739248527344029e-01
1.645479727594033e+00 9.724136109958671e-01
1.645481739619537e+00 9.707790296239703e-01
1.645483751649961e+00 9.689736977936637e-01
1.645485763685306e+00 9.670108377063333e-01
1.645487775725571e+00 9.648527843228952e-01
1.645489787770757e+00 9.624735232500721e-01
1.645491799820863e+00 9.598428165165186e-01
1.645493811875890e+00 9.569253709441399e-01
1.645495823935837e+00 9.536793018518304e-01
1.645497836000706e+00 9.500557231303437e-01
1.645499848070494e+00 9.459969572895256e-01
1.645501860145203e+00 9.414348781736060e-01
1.645503872224833e+00 9.362894482812866e-01
1.645505884309383e+00 9.304366216662655e-01
1.645507896398854e+00 9.238224679753961e-01
1.645509908493246e+00 9.162764688472843e-01
1.645511920592559e+00 9.076752290008058e-01
1.645513932696792e+00 8.978649769795747e-01
1.645515944805946e+00 8.866685156958908e-01
1.645517956920020e+00 8.739246716827598e-01
1.645519969039016e+00 8.595050580123086e-01
1.645521981162932e+00 8.433567040904161e-01
1.645523993291769e+00 8.255617093491830e-01
1.645526005425527e+00 8.064084045335673e-01
1.645528017564206e+00 7.864556342236071e-01
1.645530029707805e+00 7.665553526988825e-01
1.645532041856326e+00 7.478018834766038e-01
1.645534054009767e+00 7.313923262489729e-01
1.645536066168130e+00 7.184226682851215e-01
1.645538078331413e+00 7.096667245276053e-01
1.645540090499617e+00 7.053915276957243e-01
1.645542102672743e+00 7.052720049926181e-01
1.645544114850789e+00 7.084274404395768e-01
1.645546127033756e+00 7.136035411686227e-01
1.645548139221644e+00 7.194138086639602e-01
1.645550151414453e+00 7.245877720044588e-01
1.645552163612184e+00 7.281581035609255e-01
1.645554175814835e+00 7.295803942636031e-01
1.645556188022408e+00 7.288028375597635e-01
1.645558200234902e+00 7.262750899700186e-01
1.645560212452317e+00 7.228949377880751e-01
1.645562224674652e+00 7.198762937792035e-01
1.645564236901909e+00 7.185384879013943e-01
1.645566249134088e+00 7.200680535824433e-01
1.645568261371187e+00 7.252878332599501e-01
1.645570273613208e+00 7.345011999637785e-01
1.645572285860150e+00 7.474375032295155e-01
1.645574298112013e+00 7.633392643549615e-01
1.645576310368798e+00 7.811492885764445e-01
1.645578322630504e+00 7.997538258498825e-01
1.645580334897131e+00 8.181865536423033e-01
1.645582347168679e+00 8.357406411619682e-01
1.645584359445149e+00 8.519836480472025e-01
1.645586371726541e+00 8.667130440009029e-01
1.645588384012853e+00 8.798897964543296e-01
1.645590396304087e+00 8.915779482843579e-01
1.645592408600243e+00 9.018931201871435e-01
1.645594420901320e+00 9.110013852998420e-01
1.645596433207318e+00 9.189950857823718e-01
1.645598445518238e+00 9.260396169394249e-01
1.645600457834079e+00 9.322716390443516e-01
1.645602470154842e+00 9.377726797371648e-01
1.645604482480527e+00 9.426722233217252e-01
1.645606494811132e+00 9.470161085331966e-01
1.645608507146660e+00 9.508943427669937e-01
1.645610519487109e+00 9.543669927093904e-01
1.645612531832480e+00 9.574856009325263e-01
1.645614544182772e+00 9.602939640154097e-01
1.645616556537986e+00 9.628299980365835e-01
1.645618568898122e+00 9.651265801536341e-01
1.645620581263179e+00 9.672122218073349e-01
1.645622593633158e+00 9.691119558751966e-01
1.645624606008059e+00 9.708771014100992e-01
1.645626618387881e+00 9.724652369413894e-01
1.645628630772625e+00 9.739265253142824e-01
1.645630643162291e+00 9.753030483617396e-01
1.645632655556879e+00 9.765506171138554e-01
1.645634667956389e+00 9.777103584377458e-01
1.645636680360820e+00 9.787904132858561e-01
1.645638692770173e+00 9.797972836012462e-01
1.645640705184448e+00 9.807360972227059e-01
1.645642717603645e+00 9.816112641488629e-01
1.645644730027764e+00 9.824269292011519e-01
1.645646742456805e+00 9.831871933061536e-01
1.645648754890768e+00 9.838960484545163e-01
1.645650767329653e+00 9.845573676502154e-01
1.645652779773459e+00 9.851748501327804e-01
1.645654792222188e+00 9.857520088930902e-01
1.645656804675838e+00 9.862920114462870e-01
1.645658817134411e+00 9.867978558078906e-01
1.645660829597906e+00 9.872723137328329e-01
1.645662842066323e+00 9.877179420560580e-01
1.645664854539661e+00 9.881369516075640e-01
1.645666867017923e+00 9.885312573415830e-01
1.645668879501105e+00 9.889023841723401e-01
1.645670891989210e+00 9.892514925285101e-01
1.645672904482238e+00 9.895793497431127e-01
1.645674916980187e+00 9.898865873156051e-01
1.645676929483059e+00 9.901734303505126e-01
1.645678941990853e+00 9.904404680170099e-01
1.645680954503569e+00 9.906883974566845e-01
1.645682967021207e+00 9.909185590498519e-01
1.645684979543768e+00 9.911329545097278e-01
1.645686992071251e+00 9.913345649133334e-01
1.645689004603656e+00 9.915271352593518e-01
1.645691017140983e+00 9.917149328585195e-01
1.645693029683233e+00 9.919020602582320e-01
1.645695042230405e+00 9.920915162263297e-01
1.645697054782500e+00 9.922844313781699e-01
1.645699067339517e+00 9.924798006716097e-01
1.645701079901456e+00 9.926748723750017e-01
1.645703092468318e+00 9.928660950632199e-01
1.645705105040102e+00 9.930501129855730e-01
1.645707117616809e+00 9.932245443753560e-01
1.645709130198437e+00 9.933883253173559e-01
1.645711142784989e+00 9.935414491451157e-01
1.645713155376463e+00 9.936846221235337e-01
1.645715167972860e+00 9.938189265580735e-01
1.645717180574179e+00 9.939452303781339e-01
1.645719193180421e+00 9.940640850795122e-01
1.645721205791585e+00 9.941757402934793e-01
1.645723218407672e+00 9.942802829495421e-01
1.645725231028681e+00 9.943778464730555e-01
1.645727243654614e+00 9.944688863359903e-01
1.645729256285468e+00 9.945542218658369e-01
1.645731268921246e+00 9.946349585516854e-01
1.645733281561946e+00 9.947115056663064e-01
1.645735294207569e+00 9.947865508455292e-01
1.645737306858114e+00 9.948599116842959e-01
1.645739319513583e+00 9.949314729104722e-01
1.645741332173974e+00 9.950005233815258e-01
1.645743344839288e+00 9.950658777524212e-01
1.645745357509524e+00 9.951261312163485e-01
1.645747370184684e+00 9.951798508874690e-01
1.645749382864766e+00 9.952257176884773e-01
1.645751395549772e+00 9.952624634460143e-01
1.645753408239700e+00 9.952891249904054e-01
1.645755420934551e+00 9.953051782476547e-01
1.645757433634324e+00 9.953102616554295e-01
1.645759446339021e+00 9.953047703896586e-01
1.645761459048641e+00 9.952895699194155e-01
1.645763471763184e+00 9.952657280297967e-01
1.645765484482649e+00 9.952340897327662e-01
1.645767497207038e+00 9.951946326006982e-01
1.645769509936350e+00 9.951460336261491e-01
1.645771522670584e+00 9.950855426369957e-01
1.645773535409742e+00 9.950092591044901e-01
1.645775548153823e+00 9.949130638127502e-01
1.645777560902827e+00 9.947936137930862e-01
1.645779573656754e+00 9.946496965073811e-01
1.645781586415604e+00 9.944837695574449e-01
1.645783599179377e+00 9.943032354062099e-01
1.645785611948074e+00 9.941214156203180e-01
1.645787624721693e+00 9.939574374431349e-01
1.645789637500236e+00 9.938341864818939e-01
1.645791650283702e+00 9.937741745984018e-01
1.645793663072092e+00 9.937938537541620e-01
1.645795675865404e+00 9.938989116370458e-01
1.645797688663640e+00 9.940824007002327e-01
1.645799701466799e+00 9.943270593322444e-01
1.645801714274881e+00 9.946104390049502e-01
1.645803727087887e+00 9.949103438262122e-01
1.645805739905816e+00 9.952085576508645e-01
1.645807752728669e+00 9.954924022496384e-01
1.645809765556444e+00 9.957544922064022e-01
1.645811778389143e+00 9.959915609467669e-01
1.645813791226766e+00 9.962032496068577e-01
1.645815804069312e+00 9.963910016634784e-01
1.645817816916782e+00 9.965573013568085e-01
1.645819829769175e+00 9.967048980932283e-01
1.645821842626491e+00 9.968365582360095e-01
1.645823855488731e+00 9.969550393333241e-01
1.645825868355894e+00 9.970624452681609e-01
1.645827881227981e+00 9.971601485254433e-01
1.645829894104992e+00 9.972491892483879e-01
1.645831906986926e+00 9.973300859594867e-01
1.645833919873784e+00 9.974032727960099e-01
1.645835932765565e+00 9.974691249874151e-01
1.645837945662270e+00 9.975281808410247e-01
1.645839958563899e+00 9.975808295906079e-01
1.645841971470451e+00 9.976276787902785e-01
1.645843984381927e+00 9.976694056711723e-01
1.645845997298326e+00 9.977067680388432e-01
1.645848010219650e+00 9.977405708024706e-01
1.645850023145897e+00 9.977715885920296e-01
1.645852036077068e+00 9.978004976590504e-01
1.645854049013162e+00 9.978285625970472e-01
1.645856061954181e+00 9.978542111493713e-01
1.645858074900123e+00 9.978782978958052e-01
1.645860087850989e+00 9.979003090154301e-01
1.645862100806779e+00 9.979196751223208e-01
1.645864113767493e+00 9.979359139359720e-01
1.645866126733130e+00 9.979488131653342e-01
1.645868139703692e+00 9.979585676270074e-01
1.645870152679178e+00 9.979658155133115e-01
1.645872165659587e+00 9.979718040688377e-01
1.645874178644920e+00 9.979780394264502e-01
1.645876191635178e+00 9.979862645349973e-01
1.645878204630359e+00 9.979982270560729e-01
1.645880217630464e+00 9.980151377632591e-01
1.645882230635494e+00 9.980375453099243e-01
1.645884243645447e+00 9.980651803890906e-01
1.645886256660325e+00 9.980970731001416e-01
1.645888269680126e+00 9.981317104895659e-01
1.645890282704852e+00 9.981674507914383e-01
1.645892295734502e+00 9.982028265561906e-01
1.645894308769076e+00 9.982367411863261e-01
1.645896321808574e+00 9.982685263035361e-01
1.645898334852996e+00 9.982979532213333e-01
1.645900347902342e+00 9.983249324739073e-01
1.645902360956613e+00 9.983493792522997e-01
1.645904374015808e+00 9.983713959977447e-01
1.645906387079927e+00 9.983908281986656e-01
1.645908400148970e+00 9.984074560295457e-01
1.645910413222938e+00 9.984209873766842e-01
1.645912426301830e+00 9.984310572597480e-01
1.645914439385646e+00 9.984373533710227e-01
1.645916452474387e+00 9.984396719976942e-01
1.645918465568052e+00 9.984380499580668e-01
1.645920478666641e+00 9.984328750241735e-01
1.645922491770155e+00 9.984249487865451e-01
1.645924504878593e+00 9.984156894427132e-01
1.645926517991956e+00 9.984069497321194e-01
1.645928531110243e+00 9.984006523015904e-01
1.645930544233454e+00 9.983982518241872e-01
1.645932557361590e+00 9.984003403426455e-01
1.645934570494650e+00 9.984065209602344e-01
1.645936583632635e+00 9.984157431413829e-01
1.645938596775545e+00 9.984269813369289e-01
1.645940609923379e+00 9.984395765698509e-01
1.645942623076137e+00 9.984529011049055e-01
1.645944636233820e+00 9.984666942520617e-01
1.645946649396428e+00 9.984803837888534e-01
1.645948662563961e+00 9.984931680040775e-01
1.645950675736418e+00 9.985042213176805e-01
1.645952688913799e+00 9.985131076474956e-01
1.645954702096106e+00 9.985201511374634e-01
1.645956715283337e+00 9.985265821883809e-01
1.645958728475493e+00 9.985343967079715e-01
1.645960741672573e+00 9.985458862842875e-01
1.645962754874578e+00 9.985627162953988e-01
1.645964768081508e+00 9.985856091602020e-01
1.645966781293363e+00 9.986139519395647e-01
1.645968794510143e+00 9.986461046999053e-01
1.645970807731847e+00 9.986799474270057e-01
1.645972820958477e+00 9.987134730821270e-01
1.645974834190031e+00 9.987451690855680e-01
1.645976847426510e+00 9.987741307779999e-01
1.645978860667914e+00 9.988000140944155e-01
1.645980873914243e+00 9.988229697246634e-01
1.645982887165496e+00 9.988432486330421e-01
1.645984900421675e+00 9.988613759056236e-01
1.645986913682778e+00 9.988779363371006e-01
1.645988926948807e+00 9.988934655813129e-01
1.645990940219761e+00 9.989083856000955e-01
1.645992953495640e+00 9.989227796297192e-01
1.645994966776444e+00 9.989366800927774e-01
1.645996980062172e+00 9.989499346247156e-01
1.645998993352826e+00 9.989623430569238e-01
