# G & A Technical Software, Inc.  (GATS) Spectral Calculator
# http://www.spectralcalc.com
# Date: Thu Jan 11 08:15:44 2024
# Line list: hitran2020
#
# Cell Number: 1
# Pressure (mb) = 1013.25
# Temperature (K) = 296
# Length (cm) = 10
# Gas               Isotope Id            Volume Mixing Ratio   
#  CH4              0  All Isotopes       0.3                  
#
# Bandpass Starting Wavelength (microns) = 1.64400100353139
# Bandpass Ending Wavelength (microns) = 1.64699899280408
# Number of Spectral Points = 1492
# Mean Transmittance = 0.972781235918308
#
#   Wavelength (microns)   Transmittance
1.644001003531388e+00 9.987491501522896e-01
1.644003010597629e+00 9.987524977952100e-01
1.644005017668770e+00 9.987552506097365e-01
1.644007024744812e+00 9.987574645171416e-01
1.644009031825754e+00 9.987590197548567e-01
1.644011038911597e+00 9.987595299514889e-01
1.644013046002341e+00 9.987587034981874e-01
1.644015053097985e+00 9.987564233138199e-01
1.644017060198530e+00 9.987526989424920e-01
1.644019067303977e+00 9.987480764021527e-01
1.644021074414323e+00 9.987428433546626e-01
1.644023081529571e+00 9.987373630318196e-01
1.644025088649719e+00 9.987320007507643e-01
1.644027095774768e+00 9.987270535720721e-01
1.644029102904718e+00 9.987227755321363e-01
1.644031110039569e+00 9.987194494980950e-01
1.644033117179321e+00 9.987173441511291e-01
1.644035124323974e+00 9.987165819115172e-01
1.644037131473527e+00 9.987169873308357e-01
1.644039138627982e+00 9.987180203544200e-01
1.644041145787337e+00 9.987188279389365e-01
1.644043152951594e+00 9.987183421789807e-01
1.644045160120751e+00 9.987155662130239e-01
1.644047167294810e+00 9.987096550450161e-01
1.644049174473769e+00 9.986998751047235e-01
1.644051181657630e+00 9.986856671676563e-01
1.644053188846391e+00 9.986666554375668e-01
1.644055196040054e+00 9.986427146309038e-01
1.644057203238617e+00 9.986140534292810e-01
1.644059210442082e+00 9.985813275411364e-01
1.644061217650449e+00 9.985457100553053e-01
1.644063224863715e+00 9.985088091355179e-01
1.644065232081884e+00 9.984727232417239e-01
1.644067239304953e+00 9.984396379412278e-01
1.644069246532924e+00 9.984120160886191e-01
1.644071253765796e+00 9.983918777379631e-01
1.644073261003569e+00 9.983810419661341e-01
1.644075268246243e+00 9.983808067230169e-01
1.644077275493819e+00 9.983914845383385e-01
1.644079282746296e+00 9.984125777143411e-01
1.644081290003675e+00 9.984420590915464e-01
1.644083297265954e+00 9.984769461598795e-01
1.644085304533135e+00 9.985141766115667e-01
1.644087311805217e+00 9.985508157098111e-01
1.644089319082201e+00 9.985845322146216e-01
1.644091326364086e+00 9.986137148977591e-01
1.644093333650873e+00 9.986373975005910e-01
1.644095340942560e+00 9.986550019419074e-01
1.644097348239150e+00 9.986664983701841e-01
1.644099355540641e+00 9.986717833349666e-01
1.644101362847033e+00 9.986708710376936e-01
1.644103370158327e+00 9.986636773232834e-01
1.644105377474522e+00 9.986502556899848e-01
1.644107384795619e+00 9.986305182669302e-01
1.644109392121618e+00 9.986044079996941e-01
1.644111399452518e+00 9.985719313168765e-01
1.644113406788320e+00 9.985332486759432e-01
1.644115414129023e+00 9.984887885590777e-01
1.644117421474628e+00 9.984393295733441e-01
1.644119428825135e+00 9.983860664655161e-01
1.644121436180543e+00 9.983305799838085e-01
1.644123443540853e+00 9.982746449763177e-01
1.644125450906065e+00 9.982202890000750e-01
1.644127458276178e+00 9.981694788667432e-01
1.644129465651193e+00 9.981238657728791e-01
1.644131473031110e+00 9.980853909284694e-01
1.644133480415929e+00 9.980556865428751e-01
1.644135487805649e+00 9.980360148977511e-01
1.644137495200271e+00 9.980267755430434e-01
1.644139502599796e+00 9.980267859997481e-01
1.644141510004222e+00 9.980337627376119e-01
1.644143517413549e+00 9.980445860262241e-01
1.644145524827779e+00 9.980566361558110e-01
1.644147532246911e+00 9.980684977375543e-01
1.644149539670944e+00 9.980806846812995e-01
1.644151547099880e+00 9.980951791431293e-01
1.644153554533717e+00 9.981147088011105e-01
1.644155561972457e+00 9.981416108256920e-01
1.644157569416098e+00 9.981766318362958e-01
1.644159576864642e+00 9.982187395981975e-01
1.644161584318087e+00 9.982651851637643e-01
1.644163591776435e+00 9.983123872666922e-01
1.644165599239684e+00 9.983570125864654e-01
1.644167606707836e+00 9.983962990651241e-01
1.644169614180890e+00 9.984284448176108e-01
1.644171621658846e+00 9.984523922272603e-01
1.644173629141704e+00 9.984677539837261e-01
1.644175636629464e+00 9.984746332585355e-01
1.644177644122126e+00 9.984735001736327e-01
1.644179651619691e+00 9.984651631818222e-01
1.644181659122157e+00 9.984507602869959e-01
1.644183666629526e+00 9.984316416777982e-01
1.644185674141798e+00 9.984096159325839e-01
1.644187681658971e+00 9.983860075382083e-01
1.644189689181047e+00 9.983625496319252e-01
1.644191696708025e+00 9.983401351370569e-01
1.644193704239905e+00 9.983192344404026e-01
1.644195711776688e+00 9.982995700360160e-01
1.644197719318373e+00 9.982815416312962e-01
1.644199726864960e+00 9.982642351199755e-01
1.644201734416450e+00 9.982475499417321e-01
1.644203741972843e+00 9.982313061732241e-01
1.644205749534137e+00 9.982157493395571e-01
1.644207757100334e+00 9.982012276776958e-01
1.644209764671434e+00 9.981880924282723e-01
1.644211772247436e+00 9.981765515399887e-01
1.644213779828340e+00 9.981665695159729e-01
1.644215787414147e+00 9.981579538807852e-01
1.644217795004857e+00 9.981498335639594e-01
1.644219802600469e+00 9.981414366434407e-01
1.644221810200984e+00 9.981315725627580e-01
1.644223817806401e+00 9.981187649739112e-01
1.644225825416721e+00 9.981015418071910e-01
1.644227833031944e+00 9.980782841598604e-01
1.644229840652069e+00 9.980473287564067e-01
1.644231848277097e+00 9.980069844503935e-01
1.644233855907027e+00 9.979560001038513e-01
1.644235863541861e+00 9.978934391575850e-01
1.644237871181596e+00 9.978193156375974e-01
1.644239878826235e+00 9.977348788919043e-01
1.644241886475776e+00 9.976428422648647e-01
1.644243894130220e+00 9.975472210659083e-01
1.644245901789567e+00 9.974538991266149e-01
1.644247909453817e+00 9.973693932169029e-01
1.644249917122970e+00 9.973009664464335e-01
1.644251924797025e+00 9.972556083985042e-01
1.644253932475983e+00 9.972392315904455e-01
1.644255940159844e+00 9.972552208706904e-01
1.644257947848608e+00 9.973031419514611e-01
1.644259955542275e+00 9.973784581261045e-01
1.644261963240845e+00 9.974736074883315e-01
1.644263970944318e+00 9.975794578203655e-01
1.644265978652693e+00 9.976873477583885e-01
1.644267986365972e+00 9.977901681336249e-01
1.644269994084154e+00 9.978827044023698e-01
1.644272001807239e+00 9.979618886873457e-01
1.644274009535227e+00 9.980261221153964e-01
1.644276017268117e+00 9.980750169734767e-01
1.644278025005911e+00 9.981090036014243e-01
1.644280032748608e+00 9.981289812388001e-01
1.644282040496208e+00 9.981365169079428e-01
1.644284048248712e+00 9.981335220152907e-01
1.644286056006118e+00 9.981224643229187e-01
1.644288063768428e+00 9.981059677745504e-01
1.644290071535640e+00 9.980864284112341e-01
1.644292079307756e+00 9.980659134325696e-01
1.644294087084775e+00 9.980459807441295e-01
1.644296094866697e+00 9.980280117586809e-01
1.644298102653523e+00 9.980136796519434e-01
1.644300110445252e+00 9.980052382168578e-01
1.644302118241884e+00 9.980052626153094e-01
1.644304126043420e+00 9.980160467892721e-01
1.644306133849859e+00 9.980388545043444e-01
1.644308141661201e+00 9.980730583399302e-01
1.644310149477446e+00 9.981169810134467e-01
1.644312157298595e+00 9.981679863665309e-01
1.644314165124647e+00 9.982235083192633e-01
1.644316172955603e+00 9.982812177393997e-01
1.644318180791462e+00 9.983381313540465e-01
1.644320188632225e+00 9.983927843176464e-01
1.644322196477891e+00 9.984433645159331e-01
1.644324204328460e+00 9.984885833965690e-01
1.644326212183933e+00 9.985277168446929e-01
1.644328220044310e+00 9.985603918030966e-01
1.644330227909590e+00 9.985865383522001e-01
1.644332235779773e+00 9.986061441213180e-01
1.644334243654861e+00 9.986196367746145e-01
1.644336251534851e+00 9.986271096499597e-01
1.644338259419746e+00 9.986287133958197e-01
1.644340267309544e+00 9.986245255261302e-01
1.644342275204246e+00 9.986145348371134e-01
1.644344283103851e+00 9.985985779361081e-01
1.644346291008360e+00 9.985766079117753e-01
1.644348298917773e+00 9.985485292577668e-01
1.644350306832089e+00 9.985143865452715e-01
1.644352314751309e+00 9.984741834185605e-01
1.644354322675433e+00 9.984283882124488e-01
1.644356330604461e+00 9.983776896407189e-01
1.644358338538392e+00 9.983230330870522e-01
1.644360346477228e+00 9.982655556520337e-01
1.644362354420967e+00 9.982064864741237e-01
1.644364362369610e+00 9.981471609690529e-01
1.644366370323157e+00 9.980888286036825e-01
1.644368378281607e+00 9.980333721189387e-01
1.644370386244962e+00 9.979828348809536e-01
1.644372394213220e+00 9.979392946350886e-01
1.644374402186383e+00 9.979046329051607e-01
1.644376410164449e+00 9.978796833201893e-01
1.644378418147420e+00 9.978643649967280e-01
1.644380426135294e+00 9.978575762378035e-01
1.644382434128072e+00 9.978574677388486e-01
1.644384442125755e+00 9.978631684804231e-01
1.644386450128341e+00 9.978740205873123e-01
1.644388458135832e+00 9.978905393241150e-01
1.644390466148226e+00 9.979134457056438e-01
1.644392474165525e+00 9.979439572304535e-01
1.644394482187728e+00 9.979813445187036e-01
1.644396490214834e+00 9.980236029838666e-01
1.644398498246846e+00 9.980675883151964e-01
1.644400506283761e+00 9.981097106493503e-01
1.644402514325580e+00 9.981466568952159e-01
1.644404522372304e+00 9.981757346329203e-01
1.644406530423932e+00 9.981952114830821e-01
1.644408538480464e+00 9.982039548018852e-01
1.644410546541900e+00 9.982012534754098e-01
1.644412554608241e+00 9.981866138447342e-01
1.644414562679485e+00 9.981596075368703e-01
1.644416570755635e+00 9.981197825055799e-01
1.644418578836688e+00 9.980666443851621e-01
1.644420586922646e+00 9.979997262734018e-01
1.644422595013509e+00 9.979186286352232e-01
1.644424603109275e+00 9.978231143567872e-01
1.644426611209946e+00 9.977135685481752e-01
1.644428619315522e+00 9.975909683458242e-01
1.644430627426001e+00 9.974571620735103e-01
1.644432635541386e+00 9.973152360719095e-01
1.644434643661675e+00 9.971695453956019e-01
1.644436651786868e+00 9.970261959891877e-01
1.644438659916966e+00 9.968927467833105e-01
1.644440668051968e+00 9.967773630015522e-01
1.644442676191875e+00 9.966886008749964e-01
1.644444684336686e+00 9.966339588233449e-01
1.644446692486402e+00 9.966193060958629e-01
1.644448700641023e+00 9.966476250887097e-01
1.644450708800548e+00 9.967183156276850e-01
1.644452716964978e+00 9.968260973457372e-01
1.644454725134313e+00 9.969622393097018e-01
1.644456733308552e+00 9.971157222677510e-01
1.644458741487696e+00 9.972752747620752e-01
1.644460749671744e+00 9.974313038025491e-01
1.644462757860698e+00 9.975768362254220e-01
1.644464766054556e+00 9.977075350828710e-01
1.644466774253318e+00 9.978215817178689e-01
1.644468782456986e+00 9.979186913686551e-01
1.644470790665558e+00 9.979998155015345e-01
1.644472798879036e+00 9.980664971721267e-01
1.644474807097418e+00 9.981207479822312e-01
1.644476815320705e+00 9.981647977874439e-01
1.644478823548896e+00 9.982009279826806e-01
1.644480831781993e+00 9.982312783991734e-01
1.644482840019994e+00 9.982576449206231e-01
1.644484848262901e+00 9.982812385419260e-01
1.644486856510712e+00 9.983029826485760e-01
1.644488864763429e+00 9.983232784277074e-01
1.644490873021050e+00 9.983421895970226e-01
1.644492881283576e+00 9.983593863493442e-01
1.644494889551008e+00 9.983744587828103e-01
1.644496897823344e+00 9.983869728074675e-01
1.644498906100585e+00 9.983965825467843e-01
1.644500914382732e+00 9.984035818611919e-01
1.644502922669783e+00 9.984078270355362e-01
1.644504930961740e+00 9.984104734791963e-01
1.644506939258602e+00 9.984128839818124e-01
1.644508947560369e+00 9.984167214572638e-01
1.644510955867041e+00 9.984226195007491e-01
1.644512964178618e+00 9.984314967355808e-01
1.644514972495101e+00 9.984435517690948e-01
1.644516980816488e+00 9.984584119479305e-01
1.644518989142781e+00 9.984754022877577e-01
1.644520997473979e+00 9.984938280144677e-01
1.644523005810083e+00 9.985131968052858e-01
1.644525014151091e+00 9.985331726519976e-01
1.644527022497005e+00 9.985537571022318e-01
1.644529030847825e+00 9.985749435673931e-01
1.644531039203549e+00 9.985964354108243e-01
1.644533047564179e+00 9.986177306655792e-01
1.644535055929714e+00 9.986381270116125e-01
1.644537064300155e+00 9.986570093836479e-01
1.644539072675501e+00 9.986737998787930e-01
1.644541081055753e+00 9.986882016893033e-01
1.644543089440910e+00 9.987000291544921e-01
1.644545097830972e+00 9.987093314792788e-01
1.644547106225940e+00 9.987165087802611e-01
1.644549114625814e+00 9.987219475977835e-01
1.644551123030593e+00 9.987261997066246e-01
1.644553131440277e+00 9.987295222751233e-01
1.644555139854867e+00 9.987320662094856e-01
1.644557148274363e+00 9.987340222994369e-01
1.644559156698764e+00 9.987351341703912e-01
1.644561165128071e+00 9.987350870818229e-01
1.644563173562283e+00 9.987334928153664e-01
1.644565182001402e+00 9.987298241053880e-01
1.644567190445425e+00 9.987238459996031e-01
1.644569198894354e+00 9.987152270657602e-01
1.644571207348190e+00 9.987037821629894e-01
1.644573215806930e+00 9.986893580378761e-01
1.644575224270577e+00 9.986718583231191e-01
1.644577232739129e+00 9.986514242017451e-01
1.644579241212587e+00 9.986283266132371e-01
1.644581249690951e+00 9.986030294743086e-01
1.644583258174221e+00 9.985761650008319e-01
1.644585266662396e+00 9.985483158294940e-01
1.644587275155477e+00 9.985203193411634e-01
1.644589283653465e+00 9.984926696837356e-01
1.644591292156357e+00 9.984657142599003e-01
1.644593300664156e+00 9.984394985770650e-01
1.644595309176861e+00 9.984138198706975e-01
1.644597317694472e+00 9.983883209316228e-01
1.644599326216989e+00 9.983626512123158e-01
1.644601334744411e+00 9.983366954340623e-01
1.644603343276740e+00 9.983108313298359e-01
1.644605351813974e+00 9.982859510806928e-01
1.644607360356115e+00 9.982638854343608e-01
1.644609368903162e+00 9.982468407043604e-01
1.644611377455115e+00 9.982370398462033e-01
1.644613386011974e+00 9.982362842485083e-01
1.644615394573738e+00 9.982454050318916e-01
1.644617403140409e+00 9.982641062394871e-01
1.644619411711987e+00 9.982908753878796e-01
1.644621420288470e+00 9.983233630359626e-01
1.644623428869859e+00 9.983588134797896e-01
1.644625437456155e+00 9.983944619571443e-01
1.644627446047357e+00 9.984283067335663e-01
1.644629454643465e+00 9.984586114086816e-01
1.644631463244479e+00 9.984850296166411e-01
1.644633471850400e+00 9.985068830120030e-01
1.644635480461227e+00 9.985240765565573e-01
1.644637489076960e+00 9.985367024243206e-01
1.644639497697599e+00 9.985449459705069e-01
1.644641506323145e+00 9.985490217936664e-01
1.644643514953597e+00 9.985491231605373e-01
1.644645523588955e+00 9.985452225196156e-01
1.644647532229220e+00 9.985375577551876e-01
1.644649540874391e+00 9.985261291864205e-01
1.644651549524469e+00 9.985108778916294e-01
1.644653558179453e+00 9.984916206196812e-01
1.644655566839343e+00 9.984681116448697e-01
1.644657575504140e+00 9.984398672702887e-01
1.644659584173844e+00 9.984065869787724e-01
1.644661592848454e+00 9.983677195523060e-01
1.644663601527970e+00 9.983227073221729e-01
1.644665610212393e+00 9.982707947985481e-01
1.644667618901723e+00 9.982115408899151e-01
1.644669627595959e+00 9.981447030014545e-01
1.644671636295101e+00 9.980701194091970e-01
1.644673644999151e+00 9.979883936682983e-01
1.644675653708107e+00 9.979009340149905e-01
1.644677662421969e+00 9.978104720727617e-01
1.644679671140739e+00 9.977211726294538e-01
1.644681679864415e+00 9.976386779249956e-01
1.644683688592997e+00 9.975695632923701e-01
1.644685697326487e+00 9.975199149152523e-01
1.644687706064883e+00 9.974944217358432e-01
1.644689714808186e+00 9.974943975821278e-01
1.644691723556395e+00 9.975173357467578e-01
1.644693732309512e+00 9.975576565425921e-01
1.644695741067535e+00 9.976081780566510e-01
1.644697749830465e+00 9.976617174322452e-01
1.644699758598302e+00 9.977122753444196e-01
1.644701767371046e+00 9.977555522372643e-01
1.644703776148696e+00 9.977889556764943e-01
1.644705784931254e+00 9.978111204804773e-01
1.644707793718719e+00 9.978221334861942e-01
1.644709802511090e+00 9.978227807398690e-01
1.644711811308368e+00 9.978141425166921e-01
1.644713820110554e+00 9.977977165777783e-01
1.644715828917646e+00 9.977752087133949e-01
1.644717837729645e+00 9.977474581924094e-01
1.644719846546552e+00 9.977152912737983e-01
1.644721855368365e+00 9.976792884135005e-01
1.644723864195086e+00 9.976402139994758e-01
1.644725873026713e+00 9.975990371972059e-01
1.644727881863248e+00 9.975579436184546e-01
1.644729890704690e+00 9.975193614560209e-01
1.644731899551038e+00 9.974857176106999e-01
1.644733908402294e+00 9.974588009826081e-01
1.644735917258458e+00 9.974391625837609e-01
1.644737926119528e+00 9.974259998569286e-01
1.644739934985506e+00 9.974173831826000e-01
1.644741943856390e+00 9.974107774411451e-01
1.644743952732183e+00 9.974035013064654e-01
1.644745961612882e+00 9.973929566717192e-01
1.644747970498488e+00 9.973760873922023e-01
1.644749979389003e+00 9.973506617473223e-01
1.644751988284423e+00 9.973140488056477e-01
1.644753997184752e+00 9.972640388491180e-01
1.644756006089988e+00 9.971991073183775e-01
1.644758015000131e+00 9.971190207896344e-01
1.644760023915181e+00 9.970253164177428e-01
1.644762032835140e+00 9.969218416107677e-01
1.644764041760005e+00 9.968150549498114e-01
1.644766050689778e+00 9.967135826412892e-01
1.644768059624458e+00 9.966280093899639e-01
1.644770068564046e+00 9.965685972924275e-01
1.644772077508541e+00 9.965430558013604e-01
1.644774086457944e+00 9.965548037989436e-01
1.644776095412255e+00 9.966023601020699e-01
1.644778104371473e+00 9.966799580829223e-01
1.644780113335598e+00 9.967797156024816e-01
1.644782122304631e+00 9.968933665096734e-01
1.644784131278572e+00 9.970137200290863e-01
1.644786140257420e+00 9.971349064548287e-01
1.644788149241176e+00 9.972529672218102e-01
1.644790158229839e+00 9.973650630543146e-01
1.644792167223411e+00 9.974691958210380e-01
1.644794176221890e+00 9.975636136159306e-01
1.644796185225276e+00 9.976477264667569e-01
1.644798194233571e+00 9.977213233922060e-01
1.644800203246773e+00 9.977847305571708e-01
1.644802212264882e+00 9.978387422040851e-01
1.644804221287900e+00 9.978844320667970e-01
1.644806230315826e+00 9.979228726769528e-01
1.644808239348659e+00 9.979556169509622e-01
1.644810248386400e+00 9.979842562341160e-01
1.644812257429049e+00 9.980099603739863e-01
1.644814266476606e+00 9.980335501164830e-01
1.644816275529070e+00 9.980554116398007e-01
1.644818284586443e+00 9.980754594297568e-01
1.644820293648724e+00 9.980935726521027e-01
1.644822302715912e+00 9.981093001315698e-01
1.644824311788008e+00 9.981222780595492e-01
1.644826320865013e+00 9.981318721207526e-01
1.644828329946925e+00 9.981382228178737e-01
1.644830339033746e+00 9.981411617167474e-01
1.644832348125474e+00 9.981410370353091e-01
1.644834357222110e+00 9.981373101946245e-01
1.644836366323655e+00 9.981302841622918e-01
1.644838375430108e+00 9.981200270991071e-01
1.644840384541468e+00 9.981065596711770e-01
1.644842393657737e+00 9.980900574598324e-01
1.644844402778914e+00 9.980708306124445e-01
1.644846411904999e+00 9.980486939663518e-01
1.644848421035993e+00 9.980244144219051e-01
1.644850430171894e+00 9.979986225406486e-01
1.644852439312704e+00 9.979716916073700e-01
1.644854448458422e+00 9.979436793375793e-01
1.644856457609048e+00 9.979145834989244e-01
1.644858466764583e+00 9.978838572625660e-01
1.644860475925025e+00 9.978508769722116e-01
1.644862485090377e+00 9.978150367233509e-01
1.644864494260636e+00 9.977759365491742e-01
1.644866503435804e+00 9.977330673927737e-01
1.644868512615880e+00 9.976867296290696e-01
1.644870521800864e+00 9.976384753761103e-01
1.644872530990757e+00 9.975893691698959e-01
1.644874540185558e+00 9.975410778194214e-01
1.644876549385268e+00 9.974955871533162e-01
1.644878558589886e+00 9.974547688576799e-01
1.644880567799413e+00 9.974201042173866e-01
1.644882577013848e+00 9.973924722533153e-01
1.644884586233192e+00 9.973720723213875e-01
1.644886595457443e+00 9.973578808359553e-01
1.644888604686604e+00 9.973490687619503e-01
1.644890613920673e+00 9.973439017944010e-01
1.644892623159651e+00 9.973399084488036e-01
1.644894632403538e+00 9.973342970786984e-01
1.644896641652332e+00 9.973243216197839e-01
1.644898650906036e+00 9.973076220810442e-01
1.644900660164648e+00 9.972824791409639e-01
1.644902669428169e+00 9.972479379763435e-01
1.644904678696599e+00 9.972038059259539e-01
1.644906687969937e+00 9.971503438260594e-01
1.644908697248184e+00 9.970891336732179e-01
1.644910706531340e+00 9.970221242925801e-01
1.644912715819404e+00 9.969512970745663e-01
1.644914725112377e+00 9.968783924502230e-01
1.644916734410259e+00 9.968050326969847e-01
1.644918743713050e+00 9.967330584615837e-01
1.644920753020749e+00 9.966647484453287e-01
1.644922762333358e+00 9.966034395507293e-01
1.644924771650875e+00 9.965534397043467e-01
1.644926780973302e+00 9.965188488477131e-01
1.644928790300637e+00 9.965035525743309e-01
1.644930799632881e+00 9.965091827041667e-01
1.644932808970034e+00 9.965340866539014e-01
1.644934818312095e+00 9.965747141310848e-01
1.644936827659067e+00 9.966253471350288e-01
1.644938837010946e+00 9.966803514206932e-01
1.644940846367735e+00 9.967348709299281e-01
1.644942855729433e+00 9.967856445899158e-01
1.644944865096040e+00 9.968307733074158e-01
1.644946874467556e+00 9.968691454762142e-01
1.644948883843981e+00 9.969002329642921e-01
1.644950893225315e+00 9.969238695924469e-01
1.644952902611558e+00 9.969396026645166e-01
1.644954912002710e+00 9.969470618072234e-01
1.644956921398772e+00 9.969461284538397e-01
1.644958930799743e+00 9.969371575355618e-01
1.644960940205623e+00 9.969209526147200e-01
1.644962949616412e+00 9.968987124198978e-01
1.644964959032110e+00 9.968716902423341e-01
1.644966968452718e+00 9.968409169726893e-01
1.644968977878235e+00 9.968073605298793e-01
1.644970987308661e+00 9.967717991236086e-01
1.644972996743996e+00 9.967348753392661e-01
1.644975006184241e+00 9.966967550202795e-01
1.644977015629395e+00 9.966575636123401e-01
1.644979025079458e+00 9.966170158290062e-01
1.644981034534431e+00 9.965749229609255e-01
1.644983043994313e+00 9.965318699021969e-01
1.644985053459104e+00 9.964898725076120e-01
1.644987062928805e+00 9.964524909812371e-01
1.644989072403416e+00 9.964248941753141e-01
1.644991081882935e+00 9.964110841112204e-01
1.644993091367364e+00 9.964147767830197e-01
1.644995100856703e+00 9.964369653493493e-01
1.644997110350952e+00 9.964759849795928e-01
1.644999119850109e+00 9.965279972112135e-01
1.645001129354177e+00 9.965879814098264e-01
1.645003138863153e+00 9.966508355071253e-01
1.645005148377040e+00 9.967120637739780e-01
1.645007157895836e+00 9.967685214770041e-01
1.645009167419542e+00 9.968178052093318e-01
1.645011176948157e+00 9.968587817256581e-01
1.645013186481682e+00 9.968912995960943e-01
1.645015196020116e+00 9.969159016002659e-01
1.645017205563461e+00 9.969336913306602e-01
1.645019215111715e+00 9.969458749792590e-01
1.645021224664879e+00 9.969535669865729e-01
1.645023234222952e+00 9.969574796315694e-01
1.645025243785935e+00 9.969578512593635e-01
1.645027253353828e+00 9.969544968650974e-01
1.645029262926631e+00 9.969468814501348e-01
1.645031272504344e+00 9.969343352226302e-01
1.645033282086966e+00 9.969169593378132e-01
1.645035291674498e+00 9.968950216683762e-01
1.645037301266941e+00 9.968692568850291e-01
1.645039310864293e+00 9.968410727085217e-01
1.645041320466555e+00 9.968121912066329e-01
1.645043330073726e+00 9.967843665138220e-01
1.645045339685808e+00 9.967592711127047e-01
1.645047349302800e+00 9.967379435470454e-01
1.645049358924702e+00 9.967202740393676e-01
1.645051368551513e+00 9.967055348755192e-01
1.645053378183235e+00 9.966918559810010e-01
1.645055387819867e+00 9.966779981260544e-01
1.645057397461409e+00 9.966626608888773e-01
1.645059407107861e+00 9.966448216952972e-01
1.645061416759223e+00 9.966238219049298e-01
1.645063426415495e+00 9.965991663145601e-01
1.645065436076677e+00 9.965704396258916e-01
1.645067445742769e+00 9.965374818620896e-01
1.645069455413772e+00 9.964998676940815e-01
1.645071465089684e+00 9.964572215677863e-01
1.645073474770507e+00 9.964093634055383e-01
1.645075484456240e+00 9.963561907263906e-01
1.645077494146884e+00 9.962976939428281e-01
1.645079503842437e+00 9.962340989881311e-01
1.645081513542901e+00 9.961661358198993e-01
1.645083523248275e+00 9.960952355915360e-01
1.645085532958559e+00 9.960238341609007e-01
1.645087542673754e+00 9.959553531517248e-01
1.645089552393859e+00 9.958931221374128e-01
1.645091562118874e+00 9.958398258330607e-01
1.645093571848800e+00 9.957968854476370e-01
1.645095581583636e+00 9.957640562050891e-01
1.645097591323383e+00 9.957397476179184e-01
1.645099601068039e+00 9.957217343754932e-01
1.645101610817607e+00 9.957077868440456e-01
1.645103620572085e+00 9.956953686468775e-01
1.645105630331473e+00 9.956840081930887e-01
1.645107640095772e+00 9.956713593969422e-01
1.645109649864981e+00 9.956562548649295e-01
1.645111659639101e+00 9.956374943704451e-01
1.645113669418132e+00 9.956139237085254e-01
1.645115679202072e+00 9.955847453558189e-01
1.645117688990924e+00 9.955493872730490e-01
1.645119698784686e+00 9.955072224458388e-01
1.645121708583359e+00 9.954574372885266e-01
1.645123718386942e+00 9.953988690483959e-01
1.645125728195437e+00 9.953301464274287e-01
1.645127738008841e+00 9.952498946203563e-01
1.645129747827157e+00 9.951563063521636e-01
1.645131757650383e+00 9.950475023095198e-01
1.645133767478520e+00 9.949214684374568e-01
1.645135777311568e+00 9.947760762628320e-01
1.645137787149526e+00 9.946088744801520e-01
1.645139796992395e+00 9.944172471422659e-01
1.645141806840175e+00 9.941984556162207e-01
1.645143816692866e+00 9.939497444846108e-01
1.645145826550468e+00 9.936689388000182e-01
1.645147836412980e+00 9.933552049634738e-01
1.645149846280404e+00 9.930095961341756e-01
1.645151856152738e+00 9.926367545637614e-01
1.645153866029983e+00 9.922458891493875e-01
1.645155875912139e+00 9.918528054899741e-01
1.645157885799207e+00 9.914788723577599e-01
1.645159895691185e+00 9.911497147334707e-01
1.645161905588074e+00 9.908913939732620e-01
1.645163915489874e+00 9.907255615919837e-01
1.645165925396585e+00 9.906644171385808e-01
1.645167935308207e+00 9.907085797186157e-01
1.645169945224740e+00 9.908463244387382e-01
1.645171955146184e+00 9.910566117087459e-01
1.645173965072539e+00 9.913142674202101e-01
1.645175975003806e+00 9.915939394754150e-01
1.645177984939983e+00 9.918742400663939e-01
1.645179994881072e+00 9.921394513612228e-01
1.645182004827072e+00 9.923800397935840e-01
1.645184014777983e+00 9.925915127390512e-01
1.645186024733805e+00 9.927734567602001e-01
1.645188034694539e+00 9.929276384929548e-01
1.645190044660183e+00 9.930564990952736e-01
1.645192054630739e+00 9.931623753100224e-01
1.645194064606206e+00 9.932468485257360e-01
1.645196074586585e+00 9.933117273864074e-01
1.645198084571875e+00 9.933574877345551e-01
1.645200094562076e+00 9.933847426224596e-01
1.645202104557188e+00 9.933942667445783e-01
1.645204114557212e+00 9.933872109567712e-01
1.645206124562147e+00 9.933651858231445e-01
1.645208134571994e+00 9.933303941011754e-01
1.645210144586752e+00 9.932848745938778e-01
1.645212154606422e+00 9.932303317325467e-01
1.645214164631003e+00 9.931678746424676e-01
1.645216174660495e+00 9.930977513013616e-01
1.645218184694899e+00 9.930192373487237e-01
1.645220194734214e+00 9.929318830399213e-01
1.645222204778441e+00 9.928336786721211e-01
1.645224214827580e+00 9.927261136764335e-01
1.645226224881629e+00 9.926108218098328e-01
1.645228234940591e+00 9.924910570903154e-01
1.645230245004464e+00 9.923708890748044e-01
1.645232255073249e+00 9.922528005248077e-01
1.645234265146945e+00 9.921377170112321e-01
1.645236275225553e+00 9.920246091961329e-01
1.645238285309073e+00 9.919115854075944e-01
1.645240295397504e+00 9.917972776440800e-01
1.645242305490847e+00 9.916818341245673e-01
1.645244315589102e+00 9.915672739498881e-01
1.645246325692269e+00 9.914573013567441e-01
1.645248335800347e+00 9.913573750460726e-01
1.645250345913337e+00 9.912734816560680e-01
1.645252356031239e+00 9.912109971468014e-01
1.645254366154052e+00 9.911735932572381e-01
1.645256376281778e+00 9.911612929948432e-01
1.645258386414415e+00 9.911698676231846e-01
1.645260396551965e+00 9.911924016459224e-01
1.645262406694426e+00 9.912202276384212e-01
1.645264416841798e+00 9.912455396955920e-01
1.645266426994084e+00 9.912625335426209e-01
1.645268437151280e+00 9.912682213028011e-01
1.645270447313389e+00 9.912614534165549e-01
1.645272457480410e+00 9.912425033962564e-01
1.645274467652343e+00 9.912125064772365e-01
1.645276477829188e+00 9.911720710626436e-01
1.645278488010945e+00 9.911219377962076e-01
1.645280498197613e+00 9.910617841772307e-01
1.645282508389194e+00 9.909910573480306e-01
1.645284518585687e+00 9.909091320305202e-01
1.645286528787092e+00 9.908154914839393e-01
1.645288538993410e+00 9.907099517287631e-01
1.645290549204639e+00 9.905923357474501e-01
1.645292559420781e+00 9.904620593271457e-01
1.645294569641834e+00 9.903191302336809e-01
1.645296579867800e+00 9.901634866319676e-01
1.645298590098678e+00 9.899951962979078e-01
1.645300600334468e+00 9.898144786327501e-01
1.645302610575171e+00 9.896218897604407e-01
1.645304620820786e+00 9.894179314513715e-01
1.645306631071313e+00 9.892037503586374e-01
1.645308641326752e+00 9.889810497314663e-01
1.645310651587104e+00 9.887519431617224e-01
1.645312661852368e+00 9.885195965654281e-01
1.645314672122544e+00 9.882884836196002e-01
1.645316682397633e+00 9.880626569793963e-01
1.645318692677634e+00 9.878466008139535e-01
1.645320702962548e+00 9.876426790935412e-01
1.645322713252374e+00 9.874508346620230e-01
1.645324723547112e+00 9.872688225152391e-01
1.645326733846763e+00 9.870933277357166e-01
1.645328744151326e+00 9.869214919996196e-01
1.645330754460802e+00 9.867514579765129e-01
1.645332764775190e+00 9.865827175529127e-01
1.645334775094491e+00 9.864157799375921e-01
1.645336785418704e+00 9.862509023285644e-01
1.645338795747830e+00 9.860873563565574e-01
1.645340806081869e+00 9.859228614446428e-01
1.645342816420820e+00 9.857541387785806e-01
1.645344826764684e+00 9.855773537488879e-01
1.645346837113461e+00 9.853889986022305e-01
1.645348847467150e+00 9.851865421031685e-01
1.645350857825751e+00 9.849681408817238e-01
1.645352868189266e+00 9.847325949835121e-01
1.645354878557693e+00 9.844795463177435e-01
1.645356888931033e+00 9.842089809090468e-01
1.645358899309285e+00 9.839213210115845e-01
1.645360909692451e+00 9.836171880937730e-01
1.645362920080529e+00 9.832974876098377e-01
1.645364930473520e+00 9.829633663048726e-01
1.645366940871424e+00 9.826161073243850e-01
1.645368951274241e+00 9.822569687984749e-01
1.645370961681970e+00 9.818866862617501e-01
1.645372972094612e+00 9.815048866683045e-01
1.645374982512168e+00 9.811111614195215e-01
1.645376992934636e+00 9.807034772523413e-01
1.645379003362017e+00 9.802804822645003e-01
1.645381013794311e+00 9.798393291910420e-01
1.645383024231518e+00 9.793781400366431e-01
1.645385034673638e+00 9.788951746480156e-01
1.645387045120671e+00 9.783889291828165e-01
1.645389055572617e+00 9.778586203797008e-01
1.645391066029476e+00 9.773035868149685e-01
1.645393076491248e+00 9.767233305946835e-01
1.645395086957933e+00 9.761182097514223e-01
1.645397097429531e+00 9.754878348578163e-01
1.645399107906043e+00 9.748321318628110e-01
1.645401118387467e+00 9.741502687394212e-01
1.645403128873805e+00 9.734406927235069e-01
1.645405139365056e+00 9.727012474399198e-01
1.645407149861219e+00 9.719294455266896e-01
1.645409160362296e+00 9.711228506006150e-01
1.645411170868287e+00 9.702788809595757e-01
1.645413181379191e+00 9.693947137092037e-01
1.645415191895008e+00 9.684676802755935e-01
1.645417202415738e+00 9.674950993410426e-01
1.645419212941381e+00 9.664747156831519e-01
1.645421223471938e+00 9.654052620739787e-01
1.645423234007408e+00 9.642870080213189e-01
1.645425244547791e+00 9.631220526136542e-01
1.645427255093088e+00 9.619141409573646e-01
1.645429265643298e+00 9.606679618206045e-01
1.645431276198422e+00 9.593873062413035e-01
1.645433286758458e+00 9.580732658453458e-01
1.645435297323409e+00 9.567233985939864e-01
1.645437307893273e+00 9.553308998587823e-01
1.645439318468050e+00 9.538852546592046e-01
1.645441329047741e+00 9.523736436276240e-01
1.645443339632345e+00 9.507828536020021e-01
1.645445350221863e+00 9.491006458978335e-01
1.645447360816294e+00 9.473165259517522e-01
1.645449371415639e+00 9.454214544139098e-01
1.645451382019897e+00 9.434069416861651e-01
1.645453392629070e+00 9.412637358409652e-01
1.645455403243155e+00 9.389813200969312e-01
1.645457413862154e+00 9.365470967356494e-01
1.645459424486067e+00 9.339466263445695e-01
1.645461435114894e+00 9.311637010693388e-01
1.645463445748634e+00 9.281809371307924e-01
1.645465456387288e+00 9.249795107196427e-01
1.645467467030856e+00 9.215392937054504e-01
1.645469477679337e+00 9.178385673155235e-01
1.645471488332733e+00 9.138530824632496e-01
1.645473498991042e+00 9.095557937009611e-01
1.645475509654264e+00 9.048181292783233e-01
1.645477520322401e+00 8.997909932364397e-01
1.645479530995451e+00 8.942911240159673e-01
1.645481541673415e+00 8.883808478594961e-01
1.645483552356294e+00 8.819601946228207e-01
1.645485563044086e+00 8.749056983738135e-01
1.645487573736792e+00 8.672792171531731e-01
1.645489584434411e+00 8.589478509347428e-01
1.645491595136945e+00 8.498283392181225e-01
1.645493605844393e+00 8.398276682642762e-01
1.645495616556754e+00 8.288385997447977e-01
1.645497627274030e+00 8.167412470435612e-01
1.645499637996220e+00 8.034005139500747e-01
1.645501648723323e+00 7.886661920785251e-01
1.645503659455341e+00 7.723726446735916e-01
1.645505670192273e+00 7.542477626112373e-01
1.645507680934119e+00 7.342792923883701e-01
1.645509691680879e+00 7.121447752671395e-01
1.645511702432553e+00 6.877281402966502e-01
1.645513713189141e+00 6.608922955142581e-01
1.645515723950643e+00 6.315338370082891e-01
1.645517734717060e+00 5.996767853524220e-01
1.645519745488391e+00 5.655134091368255e-01
1.645521756264636e+00 5.294646514474917e-01
1.645523767045795e+00 4.922327261409912e-01
1.645525777831868e+00 4.548241494416137e-01
1.645527788622856e+00 4.185071912262358e-01
1.645529799418758e+00 3.846905145218399e-01
1.645531810219574e+00 3.547363610993977e-01
1.645533821025305e+00 3.297611473457289e-01
1.645535831835949e+00 3.104863351000784e-01
1.645537842651509e+00 2.971700722473066e-01
1.645539853471982e+00 2.896106404129827e-01
1.645541864297370e+00 2.871832490666092e-01
1.645543875127673e+00 2.888894989763893e-01
1.645545885962890e+00 2.934298567341713e-01
1.645547896803021e+00 2.993240555518132e-01
1.645549907648066e+00 3.050832754060130e-01
1.645551918498027e+00 3.094410050625204e-01
1.645553929352902e+00 3.115732650543775e-01
1.645555940212690e+00 3.112793471740217e-01
1.645557951077394e+00 3.090334741361740e-01
1.645559961947012e+00 3.059034002510456e-01
1.645561972821545e+00 3.033409687870067e-01
1.645563983700993e+00 3.029208875916234e-01
1.645565994585355e+00 3.060939972069610e-01
1.645568005474631e+00 3.140074564333106e-01
1.645570016368823e+00 3.273882900195406e-01
1.645572027267929e+00 3.464811897450698e-01
1.645574038171949e+00 3.710179450997418e-01
1.645576049080884e+00 4.002473767882215e-01
1.645578059994734e+00 4.330416122184831e-01
1.645580070913499e+00 4.680750636069771e-01
1.645582081837179e+00 5.040221484650138e-01
1.645584092765773e+00 5.397198877485103e-01
1.645586103699282e+00 5.742604834926531e-01
1.645588114637706e+00 6.070143860987063e-01
1.645590125581044e+00 6.376052422579744e-01
1.645592136529298e+00 6.658535872760416e-01
1.645594147482466e+00 6.918139114151678e-01
1.645596158440549e+00 7.153957925298324e-01
1.645598169403548e+00 7.368088107271542e-01
1.645600180371461e+00 7.562634761118552e-01
1.645602191344288e+00 7.738343887376371e-01
1.645604202322031e+00 7.898043046039799e-01
1.645606213304689e+00 8.042185545448650e-01
1.645608224292262e+00 8.172929589999832e-01
1.645610235284750e+00 8.291666116435211e-01
1.645612246282153e+00 8.399653880947799e-01
1.645614257284470e+00 8.498008726843401e-01
1.645616268291703e+00 8.587742712935759e-01
1.645618279303851e+00 8.669759693247148e-01
1.645620290320915e+00 8.744870465702683e-01
1.645622301342893e+00 8.813802741459541e-01
1.645624312369786e+00 8.878274970739117e-01
1.645626323401595e+00 8.936645896161346e-01
1.645628334438318e+00 8.990632906570134e-01
1.645630345479957e+00 9.041310148581142e-01
1.645632356526511e+00 9.088182031340869e-01
1.645634367577980e+00 9.131524530813582e-01
1.645636378634365e+00 9.172010983331176e-01
1.645638389695664e+00 9.209870892936970e-01
1.645640400761879e+00 9.245286527551271e-01
1.645642411833010e+00 9.278414142603544e-01
1.645644422909055e+00 9.309399313051686e-01
1.645646433990016e+00 9.338380461286195e-01
1.645648445075892e+00 9.365493854632837e-01
1.645650456166684e+00 9.390872028645059e-01
1.645652467262391e+00 9.414641911240158e-01
1.645654478363013e+00 9.436919234629908e-01
1.645656489468551e+00 9.457818346368212e-01
1.645658500579004e+00 9.477443549698178e-01
1.645660511694373e+00 9.495891155085134e-01
1.645662522814657e+00 9.513251484865410e-01
1.645664533939856e+00 9.529603046131995e-01
1.645666545069971e+00 9.545015843018558e-01
1.645668556205002e+00 9.559546022128588e-01
1.645670567344948e+00 9.573241868115120e-01
1.645672578489810e+00 9.586136765939839e-01
1.645674589639587e+00 9.598254745614910e-01
1.645676600794280e+00 9.609616230581768e-01
1.645678611953888e+00 9.620247635831232e-01
1.645680623118413e+00 9.630178761276383e-01
1.645682634287852e+00 9.639458047428283e-01
1.645684645462208e+00 9.648152384031735e-01
1.645686656641479e+00 9.656357874173130e-01
1.645688667825666e+00 9.664191667252239e-01
1.645690679014768e+00 9.671788788661478e-01
1.645692690208787e+00 9.679278875427408e-01
1.645694701407721e+00 9.686756214501931e-01
1.645696712611570e+00 9.694270983741383e-01
1.645698723820336e+00 9.701809780280125e-01
1.645700735034017e+00 9.709304289597590e-01
1.645702746252615e+00 9.716655454039199e-01
1.645704757476128e+00 9.723762417667466e-01
1.645706768704557e+00 9.730546120755832e-01
1.645708779937902e+00 9.736964328834747e-01
1.645710791176162e+00 9.743008327584974e-01
1.645712802419339e+00 9.748691142773801e-01
1.645714813667431e+00 9.754037682772734e-01
1.645716824920440e+00 9.759075275327238e-01
1.645718836178365e+00 9.763825244462048e-01
1.645720847441205e+00 9.768300304435082e-01
1.645722858708961e+00 9.772508339223894e-01
1.645724869981634e+00 9.776457269395125e-01
1.645726881259222e+00 9.780162846787499e-01
1.645728892541727e+00 9.783650525021343e-01
1.645730903829148e+00 9.786954760925599e-01
1.645732915121485e+00 9.790082589056924e-01
1.645734926418737e+00 9.793123129429417e-01
1.645736937720906e+00 9.796068873734287e-01
1.645738949027991e+00 9.798921287281982e-01
1.645740960339993e+00 9.801662669997437e-01
1.645742971656911e+00 9.804259545507714e-01
1.645744982978744e+00 9.806669073486479e-01
1.645746994305494e+00 9.808845220132122e-01
1.645749005637160e+00 9.810744739794580e-01
1.645751016973743e+00 9.812326092643497e-01
1.645753028315242e+00 9.813558196304476e-01
1.645755039661657e+00 9.814419366095671e-01
1.645757051012988e+00 9.814894568211211e-01
1.645759062369236e+00 9.814995684625383e-01
1.645761073730400e+00 9.814745756580082e-01
1.645763085096480e+00 9.814174936821758e-01
1.645765096467477e+00 9.813306714615494e-01
1.645767107843390e+00 9.812144349016022e-01
1.645769119224220e+00 9.810654667977018e-01
1.645771130609966e+00 9.808766730816483e-01
1.645773142000629e+00 9.806382058614256e-01
1.645775153396208e+00 9.803385918957013e-01
1.645777164796703e+00 9.799694925161373e-01
1.645779176202115e+00 9.795292092024462e-01
1.645781187612444e+00 9.790265929986377e-01
1.645783199027689e+00 9.784847005375884e-01
1.645785210447851e+00 9.779430260444627e-01
1.645787221872929e+00 9.774567155739529e-01
1.645789233302924e+00 9.770912091476390e-01
1.645791244737835e+00 9.769113449143815e-01
1.645793256177663e+00 9.769671457433707e-01
1.645795267622408e+00 9.772806449638445e-01
1.645797279072070e+00 9.778398109254651e-01
1.645799290526648e+00 9.786027081109173e-01
1.645801301986143e+00 9.795086106409571e-01
1.645803313450554e+00 9.804920263475649e-01
1.645805324919883e+00 9.814948225046878e-01
1.645807336394127e+00 9.824723139156435e-01
1.645809347873289e+00 9.833949740233802e-01
1.645811359357368e+00 9.842464180534319e-01
1.645813370846364e+00 9.850204883960899e-01
1.645815382340276e+00 9.857175705687772e-01
1.645817393839105e+00 9.863427032626407e-01
1.645819405342851e+00 9.869034815712785e-01
1.645821416851514e+00 9.874076440172974e-01
1.645823428365094e+00 9.878637433942368e-01
1.645825439883591e+00 9.882784437796862e-01
1.645827451407004e+00 9.886572266131404e-01
1.645829462935335e+00 9.890033792502751e-01
1.645831474468583e+00 9.893194563822493e-01
1.645833486006747e+00 9.896073746875488e-01
1.645835497549829e+00 9.898683964784475e-01
1.645837509097828e+00 9.901040901400616e-01
1.645839520650744e+00 9.903162332730067e-01
1.645841532208576e+00 9.905068235687984e-01
1.645843543771326e+00 9.906782354365382e-01
1.645845555338993e+00 9.908329596519573e-01
1.645847566911578e+00 9.909736473052476e-01
1.645849578489079e+00 9.911028612179258e-01
1.645851590071497e+00 9.912230413907352e-01
1.645853601658833e+00 9.913391433318597e-01
1.645855613251086e+00 9.914449421722846e-01
1.645857624848256e+00 9.915439076894402e-01
1.645859636450343e+00 9.916350865962912e-01
1.645861648057348e+00 9.917170460724535e-01
1.645863659669270e+00 9.917884777533291e-01
1.645865671286109e+00 9.918487623105208e-01
1.645867682907865e+00 9.918984639861730e-01
1.645869694534539e+00 9.919394103421608e-01
1.645871706166130e+00 9.919755682185710e-01
1.645873717802639e+00 9.920116193187020e-01
1.645875729444064e+00 9.920528105653089e-01
1.645877741090407e+00 9.921045191615706e-01
1.645879752741668e+00 9.921710610446662e-01
1.645881764397846e+00 9.922547942885971e-01
1.645883776058942e+00 9.923555046710254e-01
1.645885787724955e+00 9.924707465476803e-01
1.645887799395885e+00 9.925961274688114e-01
1.645889811071733e+00 9.927265412800866e-01
1.645891822752499e+00 9.928572302089812e-01
1.645893834438182e+00 9.929843638772258e-01
1.645895846128782e+00 9.931050376458167e-01
1.645897857824300e+00 9.932177543447509e-01
1.645899869524736e+00 9.933218780281855e-01
1.645901881230089e+00 9.934169679126679e-01
1.645903892940360e+00 9.935033082361089e-01
1.645905904655549e+00 9.935803919404705e-01
1.645907916375655e+00 9.936476227589297e-01
1.645909928100679e+00 9.937042222300921e-01
1.645911939830621e+00 9.937493190280269e-01
1.645913951565480e+00 9.937822211394409e-01
1.645915963305258e+00 9.938022692863433e-01
1.645917975049952e+00 9.938095371981269e-01
1.645919986799565e+00 9.938052703883323e-01
1.645921998554096e+00 9.937919957290280e-01
1.645924010313544e+00 9.937736743526312e-01
1.645926022077910e+00 9.937554042168790e-01
1.645928033847194e+00 9.937425702963797e-01
1.645930045621396e+00 9.937395726229553e-01
1.645932057400516e+00 9.937489997301729e-01
1.645934069184553e+00 9.937708926945721e-01
1.645936080973509e+00 9.938029250390805e-01
1.645938092767382e+00 9.938424570383029e-01
1.645940104566173e+00 9.938873648017866e-01
1.645942116369883e+00 9.939353917983558e-01
1.645944128178510e+00 9.939853933624132e-01
1.645946139992056e+00 9.940357149802216e-01
1.645948151810519e+00 9.940841361351809e-01
1.645950163633901e+00 9.941285599498920e-01
1.645952175462200e+00 9.941679035210704e-01
1.645954187295418e+00 9.942029500394645e-01
1.645956199133553e+00 9.942365042269451e-01
1.645958210976607e+00 9.942736426567447e-01
1.645960222824579e+00 9.943203909460601e-01
1.645962234677469e+00 9.943818490271200e-01
1.645964246535278e+00 9.944607258739401e-01
1.645966258398004e+00 9.945563295517621e-01
1.645968270265649e+00 9.946647904012411e-01
1.645970282138212e+00 9.947804621219102e-01
1.645972294015693e+00 9.948975033293027e-01
1.645974305898092e+00 9.950110054242779e-01
1.645976317785410e+00 9.951172721329696e-01
1.645978329677646e+00 9.952144691827529e-01
1.645980341574800e+00 9.953021614928621e-01
1.645982353476873e+00 9.953809602367657e-01
1.645984365383864e+00 9.954521658574663e-01
1.645986377295773e+00 9.955174066491309e-01
1.645988389212601e+00 9.955782919913181e-01
1.645990401134347e+00 9.956362666793930e-01
1.645992413061012e+00 9.956917947867762e-01
1.645994424992595e+00 9.957453497846612e-01
1.645996436929096e+00 9.957963999496050e-01
1.645998448870516e+00 9.958444120745279e-01
1.646000460816855e+00 9.958888287595986e-01
1.646002472768112e+00 9.959293406554972e-01
1.646004484724287e+00 9.959653786880076e-01
1.646006496685381e+00 9.959969697353894e-01
1.646008508651394e+00 9.960240943581993e-01
1.646010520622325e+00 9.960468004287998e-01
1.646012532598175e+00 9.960652750318891e-01
1.646014544578943e+00 9.960797081046385e-01
1.646016556564630e+00 9.960899032667991e-01
1.646018568555236e+00 9.960946952145996e-01
1.646020580550760e+00 9.960962333183064e-01
1.646022592551203e+00 9.960936149254486e-01
1.646024604556565e+00 9.960861693577192e-01
1.646026616566846e+00 9.960739324385106e-01
1.646028628582045e+00 9.960565917263138e-01
1.646030640602163e+00 9.960337476796355e-01
1.646032652627200e+00 9.960050101566414e-01
1.646034664657156e+00 9.959698857367383e-01
1.646036676692030e+00 9.959273793921188e-01
1.646038688731823e+00 9.958766030758017e-01
1.646040700776535e+00 9.958165026411041e-01
1.646042712826166e+00 9.957458538050156e-01
1.646044724880716e+00 9.956632372863274e-01
1.646046736940185e+00 9.955670186387682e-01
1.646048749004573e+00 9.954553170314185e-01
1.646050761073879e+00 9.953260621908557e-01
1.646052773148105e+00 9.951770713178012e-01
1.646054785227250e+00 9.950060681056736e-01
1.646056797311314e+00 9.948097841340977e-01
1.646058809400296e+00 9.945875706955651e-01
1.646060821494198e+00 9.943375620617179e-01
1.646062833593019e+00 9.940603583014507e-01
1.646064845696758e+00 9.937589137450196e-01
1.646066857805417e+00 9.934399874101716e-01
1.646068869918995e+00 9.931150992338428e-01
1.646070882037493e+00 9.928009498938652e-01
1.646072894160909e+00 9.925185664366414e-01
1.646074906289244e+00 9.922904332033620e-01
1.646076918422499e+00 9.921356555688093e-01
1.646078930560673e+00 9.920656725554008e-01
1.646080942703766e+00 9.920806274501872e-01
1.646082954851778e+00 9.921690161654910e-01
1.646084967004710e+00 9.923105783277212e-01
1.646086979162561e+00 9.924810480406724e-01
1.646088991325330e+00 9.926568355337637e-01
1.646091003493020e+00 9.928182034144842e-01
1.646093015665629e+00 9.929506716201467e-01
1.646095027843157e+00 9.930449551105852e-01
1.646097040025605e+00 9.930962478867261e-01
1.646099052212971e+00 9.931031735093175e-01
1.646101064405258e+00 9.930676163882748e-01
1.646103076602463e+00 9.929943363868343e-01
1.646105088804588e+00 9.928872302047701e-01
1.646107101011633e+00 9.927629710139416e-01
1.646109113223597e+00 9.926310700446430e-01
1.646111125440480e+00 9.925055848806670e-01
1.646113137662283e+00 9.924004658590417e-01
1.646115149889006e+00 9.923271579189188e-01
1.646117162120648e+00 9.922917279278225e-01
1.646119174357209e+00 9.922940216551043e-01
1.646121186598691e+00 9.923272507986799e-01
1.646123198845092e+00 9.923794030021200e-01
1.646125211096412e+00 9.924355485070878e-01
1.646127223352652e+00 9.924802572852234e-01
1.646129235613812e+00 9.924993525185238e-01
1.646131247879891e+00 9.924807896932647e-01
1.646133260150890e+00 9.924147367659072e-01
1.646135272426809e+00 9.922931774482540e-01
1.646137284707647e+00 9.921109398452567e-01
1.646139296993405e+00 9.918600115721720e-01
1.646141309284083e+00 9.915366512676991e-01
1.646143321579681e+00 9.911366929279829e-01
1.646145333880199e+00 9.906579218577997e-01
1.646147346185636e+00 9.900996548187393e-01
1.646149358495993e+00 9.894666460170278e-01
1.646151370811270e+00 9.887704781439710e-01
1.646153383131467e+00 9.880326670315055e-01
1.646155395456584e+00 9.872871274089160e-01
1.646157407786621e+00 9.865808808199360e-01
1.646159420121577e+00 9.859713947459264e-01
1.646161432461454e+00 9.855194273856593e-01
1.646163444806250e+00 9.852779090375636e-01
1.646165457155967e+00 9.852798993390454e-01
1.646167469510603e+00 9.855300816892312e-01
1.646169481870160e+00 9.860037170185627e-01
1.646171494234636e+00 9.866529937637466e-01
1.646173506604033e+00 9.874189744126596e-01
1.646175518978350e+00 9.882435251124173e-01
1.646177531357586e+00 9.890764218423069e-01
1.646179543741743e+00 9.898818201629216e-01
1.646181556130820e+00 9.906361417576338e-01
1.646183568524817e+00 9.913260396386290e-01
1.646185580923734e+00 9.919473422543192e-01
1.646187593327572e+00 9.924999903112949e-01
1.646189605736329e+00 9.929878346154862e-01
1.646191618150007e+00 9.934156189841605e-01
1.646193630568605e+00 9.937887503250911e-01
1.646195642992123e+00 9.941124256796415e-01
1.646197655420562e+00 9.943922814886669e-01
1.646199667853921e+00 9.946328340252956e-01
1.646201680292200e+00 9.948379196808795e-01
1.646203692735399e+00 9.950108010921943e-01
1.646205705183519e+00 9.951540157400949e-01
1.646207717636559e+00 9.952691066350211e-01
1.646209730094520e+00 9.953583249647627e-01
1.646211742557401e+00 9.954222283483124e-01
1.646213755025202e+00 9.954612184403622e-01
1.646215767497923e+00 9.954752139724869e-01
1.646217779975566e+00 9.954650533783049e-01
1.646219792458128e+00 9.954311360364195e-01
1.646221804945611e+00 9.953745086567042e-01
1.646223817438015e+00 9.953007872943325e-01
1.646225829935339e+00 9.952058187827535e-01
1.646227842437584e+00 9.950984397761271e-01
1.646229854944749e+00 9.949847117975359e-01
1.646231867456835e+00 9.948714591631778e-01
1.646233879973841e+00 9.947655809453545e-01
1.646235892495768e+00 9.946735403142941e-01
1.646237905022616e+00 9.946013858222690e-01
1.646239917554384e+00 9.945541737007965e-01
1.646241930091073e+00 9.945339580204312e-01
1.646243942632682e+00 9.945398146021455e-01
1.646245955179213e+00 9.945669745685908e-01
1.646247967730664e+00 9.946075697850666e-01
1.646249980287035e+00 9.946517502046520e-01
1.646251992848328e+00 9.946898430281861e-01
1.646254005414541e+00 9.947154701913686e-01
1.646256017985675e+00 9.947250265265066e-01
1.646258030561730e+00 9.947201892891178e-01
1.646260043142706e+00 9.947055915636493e-01
1.646262055728602e+00 9.946898157000619e-01
1.646264068319419e+00 9.946809350258273e-01
1.646266080915158e+00 9.946863260437224e-01
1.646268093515817e+00 9.947099831335412e-01
1.646270106121397e+00 9.947517584425705e-01
1.646272118731898e+00 9.948074850547738e-01
1.646274131347320e+00 9.948699980008165e-01
1.646276143967663e+00 9.949306533312161e-01
1.646278156592927e+00 9.949812382496136e-01
1.646280169223111e+00 9.950145550638371e-01
1.646282181858217e+00 9.950243357508717e-01
1.646284194498244e+00 9.950062001563872e-01
1.646286207143192e+00 9.949576391091014e-01
1.646288219793062e+00 9.948784045781023e-01
1.646290232447852e+00 9.947703350227894e-01
1.646292245107563e+00 9.946369760917387e-01
1.646294257772195e+00 9.944838941293600e-01
1.646296270441749e+00 9.943169206433492e-01
1.646298283116224e+00 9.941418997491541e-01
1.646300295795619e+00 9.939635354776515e-01
1.646302308479937e+00 9.937866123348473e-01
1.646304321169175e+00 9.936142142964712e-01
1.646306333863335e+00 9.934520180287845e-01
1.646308346562415e+00 9.933070533618117e-01
1.646310359266417e+00 9.931890458073397e-01
1.646312371975341e+00 9.931074507158242e-01
1.646314384689185e+00 9.930705560801262e-01
1.646316397407952e+00 9.930834640985915e-01
1.646318410131639e+00 9.931472695298250e-01
1.646320422860248e+00 9.932577029247570e-01
1.646322435593778e+00 9.934056579717457e-01
1.646324448332229e+00 9.935784556603540e-01
1.646326461075602e+00 9.937624325406880e-01
1.646328473823897e+00 9.939430804802258e-01
1.646330486577112e+00 9.941098592562936e-01
1.646332499335250e+00 9.942553679591354e-01
1.646334512098309e+00 9.943758104738902e-01
1.646336524866289e+00 9.944700380306981e-01
1.646338537639191e+00 9.945395950839103e-01
1.646340550417014e+00 9.945866448772800e-01
1.646342563199759e+00 9.946139659104651e-01
1.646344575987426e+00 9.946246833337120e-01
1.646346588780014e+00 9.946222781560333e-01
1.646348601577523e+00 9.946111040908375e-01
1.646350614379955e+00 9.945956826420087e-01
1.646352627187308e+00 9.945805972070518e-01
1.646354639999583e+00 9.945711728630279e-01
1.646356652816779e+00 9.945714748259805e-01
1.646358665638897e+00 9.945861048556066e-01
1.646360678465937e+00 9.946180055410512e-01
1.646362691297899e+00 9.946704490493623e-01
1.646364704134782e+00 9.947452192242486e-01
1.646366716976587e+00 9.948424841675608e-01
1.646368729823314e+00 9.949602813881034e-01
1.646370742674963e+00 9.950943087625175e-01
1.646372755531533e+00 9.952386736480199e-01
1.646374768393026e+00 9.953853223425034e-01
1.646376781259440e+00 9.955278301632264e-01
1.646378794130776e+00 9.956612125645372e-01
1.646380807007034e+00 9.957806202331777e-01
1.646382819888214e+00 9.958840762929733e-01
1.646384832774316e+00 9.959704659314659e-01
1.646386845665340e+00 9.960385588375817e-01
1.646388858561286e+00 9.960875214486453e-01
1.646390871462154e+00 9.961164587216980e-01
1.646392884367944e+00 9.961247763342067e-01
1.646394897278656e+00 9.961122750095004e-01
1.646396910194289e+00 9.960798491107192e-01
1.646398923114845e+00 9.960294778138157e-01
1.646400936040324e+00 9.959649951399371e-01
1.646402948970724e+00 9.958913376333474e-01
1.646404961906046e+00 9.958152112006947e-01
1.646406974846291e+00 9.957434185590782e-01
1.646408987791457e+00 9.956823501767157e-01
1.646411000741546e+00 9.956372143380627e-01
1.646413013696557e+00 9.956110761655509e-01
1.646415026656491e+00 9.956040018507120e-01
1.646417039621346e+00 9.956141012745652e-01
1.646419052591124e+00 9.956384730935127e-01
1.646421065565824e+00 9.956727892810209e-01
1.646423078545446e+00 9.957141033392690e-01
1.646425091529991e+00 9.957602525733549e-01
1.646427104519457e+00 9.958105059201282e-01
1.646429117513847e+00 9.958641039381889e-01
1.646431130513158e+00 9.959216064643018e-01
1.646433143517392e+00 9.959834566309345e-01
1.646435156526549e+00 9.960498356743530e-01
1.646437169540627e+00 9.961205531594182e-01
1.646439182559629e+00 9.961951173587719e-01
1.646441195583552e+00 9.962721549875698e-01
1.646443208612398e+00 9.963494117640490e-01
1.646445221646167e+00 9.964234135635860e-01
1.646447234684858e+00 9.964906859468489e-01
1.646449247728472e+00 9.965476204546129e-01
1.646451260777008e+00 9.965917886674157e-01
1.646453273830467e+00 9.966226832628953e-01
1.646455286888848e+00 9.966421832964825e-01
1.646457299952152e+00 9.966544982045592e-01
1.646459313020378e+00 9.966659885431832e-01
1.646461326093527e+00 9.966832760485268e-01
1.646463339171599e+00 9.967115337374047e-01
1.646465352254594e+00 9.967519526196746e-01
1.646467365342511e+00 9.968052397183940e-01
1.646469378435351e+00 9.968654606366769e-01
1.646471391533113e+00 9.969268583022791e-01
1.646473404635798e+00 9.969833634556122e-01
1.646475417743406e+00 9.970297414429984e-01
1.646477430855937e+00 9.970625033048354e-01
1.646479443973391e+00 9.970795455721981e-01
1.646481457095767e+00 9.970797512577151e-01
1.646483470223066e+00 9.970622463184666e-01
1.646485483355288e+00 9.970265894636007e-01
1.646487496492433e+00 9.969724722884148e-01
1.646489509634501e+00 9.968992035617504e-01
1.646491522781492e+00 9.968064052590129e-01
1.646493535933406e+00 9.966936943652356e-01
1.646495549090242e+00 9.965602191267346e-01
1.646497562252002e+00 9.964057141366371e-01
1.646499575418684e+00 9.962297596053957e-01
1.646501588590290e+00 9.960317852830235e-01
1.646503601766818e+00 9.958104910813954e-01
1.646505614948270e+00 9.955642083176025e-01
1.646507628134644e+00 9.952907744730147e-01
1.646509641325942e+00 9.949883961716102e-01
1.646511654522163e+00 9.946571007682915e-01
1.646513667723306e+00 9.943008106335234e-01
1.646515680929373e+00 9.939292286768552e-01
1.646517694140363e+00 9.935593230097663e-01
1.646519707356277e+00 9.932152818064801e-01
1.646521720577113e+00 9.929253118600941e-01
1.646523733802873e+00 9.927182018863967e-01
1.646525747033555e+00 9.926145695001791e-01
1.646527760269161e+00 9.926240414022475e-01
1.646529773509690e+00 9.927422582690791e-01
1.646531786755143e+00 9.929531388758910e-01
1.646533800005519e+00 9.932334578352219e-01
1.646535813260818e+00 9.935579826785280e-01
1.646537826521040e+00 9.939032829838883e-01
1.646539839786186e+00 9.942501829898143e-01
1.646541853056255e+00 9.945840373996976e-01
1.646543866331247e+00 9.948947843118734e-01
1.646545879611163e+00 9.951764725852378e-01
1.646547892896002e+00 9.954268033959411e-01
1.646549906185765e+00 9.956464248484228e-01
1.646551919480451e+00 9.958380080364233e-01
1.646553932780061e+00 9.960052555073875e-01
1.646555946084594e+00 9.961512837806207e-01
1.646557959394050e+00 9.962778042228680e-01
1.646559972708430e+00 9.963850464887787e-01
1.646561986027734e+00 9.964717640279651e-01
1.646563999351961e+00 9.965363523676423e-01
1.646566012681112e+00 9.965774247458208e-01
1.646568026015186e+00 9.965951471781704e-01
1.646570039354184e+00 9.965918615270701e-01
1.646572052698105e+00 9.965721459916873e-01
1.646574066046950e+00 9.965434418923017e-01
1.646576079400719e+00 9.965157066041145e-01
1.646578092759412e+00 9.965002133975428e-01
1.646580106123028e+00 9.965077439623660e-01
1.646582119491568e+00 9.965456860488594e-01
1.646584132865031e+00 9.966159075923440e-01
1.646586146243419e+00 9.967156819076961e-01
1.646588159626730e+00 9.968349491289302e-01
1.646590173014965e+00 9.969650860746517e-01
1.646592186408123e+00 9.970965382176092e-01
1.646594199806205e+00 9.972221838074933e-01
1.646596213209212e+00 9.973364438623323e-01
1.646598226617142e+00 9.974365622585485e-01
1.646600240029996e+00 9.975215841204248e-01
1.646602253447774e+00 9.975915562207276e-01
1.646604266870476e+00 9.976476379669522e-01
1.646606280298102e+00 9.976914809418392e-01
1.646608293730652e+00 9.977250218489199e-01
1.646610307168126e+00 9.977501575939063e-01
1.646612320610523e+00 9.977685906127394e-01
1.646614334057845e+00 9.977817841121386e-01
1.646616347510091e+00 9.977906213824916e-01
1.646618360967261e+00 9.977962388048087e-01
1.646620374429354e+00 9.978001522014529e-01
1.646622387896372e+00 9.978042909632532e-01
1.646624401368314e+00 9.978107557365653e-01
1.646626414845180e+00 9.978212717984466e-01
1.646628428326971e+00 9.978364983882251e-01
1.646630441813685e+00 9.978556360366463e-01
1.646632455305324e+00 9.978766729346233e-01
1.646634468801886e+00 9.978971747298582e-01
1.646636482303373e+00 9.979152161748179e-01
1.646638495809784e+00 9.979302006966724e-01
1.646640509321120e+00 9.979437743694983e-01
1.646642522837379e+00 9.979579509561373e-01
1.646644536358563e+00 9.979766166879849e-01
1.646646549884671e+00 9.980029133957148e-01
1.646648563415704e+00 9.980385535800222e-01
1.646650576951661e+00 9.980831292453431e-01
1.646652590492542e+00 9.981344475330700e-01
1.646654604038347e+00 9.981892142660647e-01
1.646656617589077e+00 9.982439912091359e-01
1.646658631144732e+00 9.982959769501860e-01
1.646660644705310e+00 9.983433515885272e-01
1.646662658270813e+00 9.983851029405429e-01
1.646664671841241e+00 9.984209062471000e-01
1.646666685416593e+00 9.984509182503279e-01
1.646668698996870e+00 9.984756123295481e-01
1.646670712582071e+00 9.984956368264400e-01
1.646672726172196e+00 9.985119678931320e-01
1.646674739767247e+00 9.985253465176214e-01
1.646676753367221e+00 9.985367069578744e-01
1.646678766972121e+00 9.985468281101535e-01
1.646680780581944e+00 9.985563027975880e-01
1.646682794196693e+00 9.985653288563681e-01
1.646684807816366e+00 9.985737708438981e-01
1.646686821440964e+00 9.985813366086493e-01
1.646688835070486e+00 9.985873332753039e-01
1.646690848704933e+00 9.985913682347561e-01
1.646692862344305e+00 9.985930291189677e-01
1.646694875988602e+00 9.985920147086421e-01
1.646696889637823e+00 9.985881078551230e-01
1.646698903291969e+00 9.985810931808279e-01
1.646700916951040e+00 9.985709759824536e-01
1.646702930615035e+00 9.985577198526119e-01
1.646704944283956e+00 9.985413685083814e-01
1.646706957957801e+00 9.985222003882022e-01
1.646708971636571e+00 9.985003223632888e-01
1.646710985320266e+00 9.984760147450995e-01
1.646712999008886e+00 9.984506505611934e-01
1.646715012702431e+00 9.984245828883965e-01
1.646717026400901e+00 9.983983549191857e-01
1.646719040104296e+00 9.983721816839709e-01
1.646721053812615e+00 9.983460981615406e-01
1.646723067525860e+00 9.983202323028588e-01
1.646725081244029e+00 9.982945470178889e-01
1.646727094967124e+00 9.982693603699809e-01
1.646729108695143e+00 9.982452561655348e-01
1.646731122428088e+00 9.982228841635460e-01
1.646733136165958e+00 9.982026484122501e-01
1.646735149908753e+00 9.981843984138167e-01
1.646737163656472e+00 9.981672408144735e-01
1.646739177409117e+00 9.981495078555972e-01
1.646741191166688e+00 9.981290695489090e-01
1.646743204929183e+00 9.981035151371459e-01
1.646745218696604e+00 9.980703793277242e-01
1.646747232468949e+00 9.980271914876078e-01
1.646749246246220e+00 9.979722369526632e-01
1.646751260028416e+00 9.979036180324227e-01
1.646753273815538e+00 9.978199800813512e-01
1.646755287607584e+00 9.977204422783237e-01
1.646757301404556e+00 9.976052495534562e-01
1.646759315206453e+00 9.974757661839804e-01
1.646761329013276e+00 9.973356629387732e-01
1.646763342825024e+00 9.971911724171895e-01
1.646765356641697e+00 9.970513210929364e-01
1.646767370463296e+00 9.969271988152213e-01
1.646769384289820e+00 9.968301482818345e-01
1.646771398121269e+00 9.967692086609583e-01
1.646773411957644e+00 9.967487163474387e-01
1.646775425798945e+00 9.967676962070661e-01
1.646777439645170e+00 9.968201138085613e-01
1.646779453496322e+00 9.968968077388012e-01
1.646781467352398e+00 9.969881153649203e-01
1.646783481213401e+00 9.970845695575561e-01
1.646785495079328e+00 9.971780515037828e-01
1.646787508950182e+00 9.972621125726400e-01
1.646789522825961e+00 9.973321558727128e-01
1.646791536706665e+00 9.973854879228425e-01
1.646793550592295e+00 9.974210658821346e-01
1.646795564482851e+00 9.974396467926070e-01
1.646797578378333e+00 9.974432884686840e-01
1.646799592278740e+00 9.974354034125757e-01
1.646801606184072e+00 9.974204932026536e-01
1.646803620094331e+00 9.974034416243597e-01
1.646805634009515e+00 9.973888465539112e-01
1.646807647929625e+00 9.973802942934566e-01
1.646809661854661e+00 9.973798860495570e-01
1.646811675784622e+00 9.973881703216756e-01
1.646813689719509e+00 9.974043552021976e-01
1.646815703659322e+00 9.974266440668670e-01
1.646817717604061e+00 9.974524968755627e-01
1.646819731553726e+00 9.974788673285743e-01
1.646821745508317e+00 9.975027889432695e-01
1.646823759467833e+00 9.975219935835924e-01
1.646825773432275e+00 9.975351492159814e-01
1.646827787401643e+00 9.975424174852219e-01
1.646829801375938e+00 9.975453530040038e-01
1.646831815355158e+00 9.975468770895570e-01
1.646833829339304e+00 9.975490875054911e-01
1.646835843328376e+00 9.975540390686375e-01
1.646837857322374e+00 9.975647760948160e-01
1.646839871321298e+00 9.975806312342794e-01
1.646841885325148e+00 9.976001311971638e-01
1.646843899333925e+00 9.976209034877109e-01
1.646845913347627e+00 9.976398613966564e-01
1.646847927366255e+00 9.976538652597711e-01
1.646849941389810e+00 9.976601562377834e-01
1.646851955418291e+00 9.976565713766035e-01
1.646853969451697e+00 9.976408474305450e-01
1.646855983490030e+00 9.976131896077597e-01
1.646857997533290e+00 9.975721367892694e-01
1.646860011581475e+00 9.975167439673002e-01
1.646862025634587e+00 9.974464659179798e-01
1.646864039692624e+00 9.973602108887768e-01
1.646866053755588e+00 9.972569836706855e-01
1.646868067823479e+00 9.971351534768894e-01
1.646870081896295e+00 9.969935901514884e-01
1.646872095974038e+00 9.968310729392017e-01
1.646874110056708e+00 9.966466799490680e-01
1.646876124144303e+00 9.964398194304770e-01
1.646878138236825e+00 9.962096828997430e-01
1.646880152334274e+00 9.959583626107522e-01
1.646882166436649e+00 9.956875486422142e-01
1.646884180543950e+00 9.954014137694146e-01
1.646886194656177e+00 9.951068065792833e-01
1.646888208773332e+00 9.948134734193776e-01
1.646890222895412e+00 9.945340733363127e-01
1.646892237022419e+00 9.942817214848607e-01
1.646894251154353e+00 9.940675697754520e-01
1.646896265291213e+00 9.938976138899215e-01
1.646898279433000e+00 9.937714345874212e-01
1.646900293579713e+00 9.936824205020225e-01
1.646902307731353e+00 9.936206091233933e-01
1.646904321887919e+00 9.935765947992431e-01
1.646906336049413e+00 9.935450791333846e-01
1.646908350215832e+00 9.935256260488371e-01
1.646910364387179e+00 9.935222154252682e-01
1.646912378563452e+00 9.935403572827706e-01
1.646914392744651e+00 9.935837523323396e-01
1.646916406930778e+00 9.936516709577453e-01
1.646918421121831e+00 9.937381570838009e-01
1.646920435317811e+00 9.938331368744864e-01
1.646922449518718e+00 9.939252085056989e-01
1.646924463724551e+00 9.940039699800234e-01
1.646926477935311e+00 9.940628884910698e-01
1.646928492150998e+00 9.941010430129966e-01
1.646930506371612e+00 9.941239255966453e-01
1.646932520597153e+00 9.941428742244319e-01
1.646934534827621e+00 9.941728820495048e-01
1.646936549063015e+00 9.942289646677520e-01
1.646938563303337e+00 9.943223934944965e-01
1.646940577548585e+00 9.944574176226222e-01
1.646942591798761e+00 9.946309952738317e-01
1.646944606053863e+00 9.948346653022204e-01
1.646946620313892e+00 9.950572633959506e-01
1.646948634578848e+00 9.952876279911342e-01
1.646950648848732e+00 9.955161647353816e-01
1.646952663123542e+00 9.957354493372090e-01
1.646954677403279e+00 9.959412627527036e-01
1.646956691687944e+00 9.961290718888617e-01
1.646958705977535e+00 9.962994170073265e-01
1.646960720272054e+00 9.964534108801976e-01
1.646962734571500e+00 9.965933451735491e-01
1.646964748875873e+00 9.967215388054451e-01
1.646966763185173e+00 9.968397532484754e-01
1.646968777499400e+00 9.969489916533253e-01
1.646970791818555e+00 9.970496926033988e-01
1.646972806142637e+00 9.971428439264447e-01
1.646974820471645e+00 9.972278853312211e-01
1.646976834805582e+00 9.973067143968983e-01
1.646978849144445e+00 9.973808153968344e-01
1.646980863488236e+00 9.974513092136598e-01
1.646982877836954e+00 9.975187627077734e-01
1.646984892190599e+00 9.975830923420549e-01
1.646986906549172e+00 9.976435681458321e-01
1.646988920912672e+00 9.976993329457827e-01
1.646990935281099e+00 9.977496388529312e-01
1.646992949654454e+00 9.977945150101473e-01
1.646994964032737e+00 9.978341068178365e-01
1.646996978415946e+00 9.978694981841232e-01
1.646998992804084e+00 9.978996349921794e-01
