# G & A Technical Software, Inc.  (GATS) Spectral Calculator
# http://www.spectralcalc.com
# Date: Thu Apr  4 11:03:43 2024
# Line list: hitran2020
#
# Cell Number: 1
# Pressure (mb) = 1013.25
# Temperature (K) = 296
# Length (cm) = 10
# Gas               Isotope Id            Volume Mixing Ratio   
#  CH4              0  All Isotopes       0.29                 
#
# Bandpass Starting Wavelength (microns) = 1.64500100542563
# Bandpass Ending Wavelength (microns) = 1.64599899335283
# Number of Spectral Points = 497
# Mean Transmittance = 0.926759852909205
#
#   Wavelength (microns)   Transmittance
1.645001005425629e+00 9.967037342957412e-01
1.645003016280578e+00 9.967650690868404e-01
1.645005027140443e+00 9.968250385441382e-01
1.645007038005225e+00 9.968803114866007e-01
1.645009048874923e+00 9.969285824548969e-01
1.645011059749538e+00 9.969687917094369e-01
1.645013070629068e+00 9.970007546578996e-01
1.645015081513515e+00 9.970249693714244e-01
1.645017092402878e+00 9.970425010489806e-01
1.645019103297157e+00 9.970545274724130e-01
1.645021114196353e+00 9.970621546205464e-01
1.645023125100465e+00 9.970664024485065e-01
1.645025136009493e+00 9.970672746274672e-01
1.645027146923437e+00 9.970643433013122e-01
1.645029157842298e+00 9.970571883202042e-01
1.645031168766076e+00 9.970452595967444e-01
1.645033179694769e+00 9.970286264796376e-01
1.645035190628380e+00 9.970075248202155e-01
1.645037201566906e+00 9.969826417690564e-01
1.645039212510350e+00 9.969553292533491e-01
1.645041223458709e+00 9.969272556834473e-01
1.645043234411985e+00 9.969003993864036e-01
1.645045245370178e+00 9.968762436352090e-01
1.645047256333287e+00 9.968555418571883e-01
1.645049267301313e+00 9.968383281871680e-01
1.645051278274255e+00 9.968240352134546e-01
1.645053289252114e+00 9.968108515931493e-01
1.645055300234890e+00 9.967975586030714e-01
1.645057311222581e+00 9.967828737638652e-01
1.645059322215190e+00 9.967657887592807e-01
1.645061333212716e+00 9.967456539083215e-01
1.645063344215158e+00 9.967222015899241e-01
1.645065355222517e+00 9.966949331067392e-01
1.645067366234792e+00 9.966633538011942e-01
1.645069377251984e+00 9.966271424682002e-01
1.645071388274093e+00 9.965860459975849e-01
1.645073399301119e+00 9.965398858704537e-01
1.645075410333062e+00 9.964885518883372e-01
1.645077421369921e+00 9.964320253630241e-01
1.645079432411698e+00 9.963705039022376e-01
1.645081443458390e+00 9.963046697279914e-01
1.645083454510000e+00 9.962360550566702e-01
1.645085465566527e+00 9.961670039642213e-01
1.645087476627971e+00 9.961004747118826e-01
1.645089487694331e+00 9.960398366531276e-01
1.645091498765609e+00 9.959878835252811e-01
1.645093509841803e+00 9.959460618695803e-01
1.645095520922915e+00 9.959141672836412e-01
1.645097532008943e+00 9.958906605614356e-01
1.645099543099889e+00 9.958733508642098e-01
1.645101554195751e+00 9.958600448708497e-01
1.645103565296531e+00 9.958483908531940e-01
1.645105576402227e+00 9.958379908786646e-01
1.645107587512841e+00 9.958261544143090e-01
1.645109598628372e+00 9.958118335238945e-01
1.645111609748820e+00 9.957939771000225e-01
1.645113620874185e+00 9.957714645881623e-01
1.645115632004467e+00 9.957435238142536e-01
1.645117643139666e+00 9.957096076486220e-01
1.645119654279783e+00 9.956691158183779e-01
1.645121665424816e+00 9.956212711673518e-01
1.645123676574767e+00 9.955650358362903e-01
1.645125687729635e+00 9.954992490879642e-01
1.645127698889421e+00 9.954221133929791e-01
1.645129710054124e+00 9.953319619065560e-01
1.645131721223744e+00 9.952270950274307e-01
1.645133732398281e+00 9.951055526664423e-01
1.645135743577735e+00 9.949652796373269e-01
1.645137754762107e+00 9.948038856605794e-01
1.645139765951397e+00 9.946188285680059e-01
1.645141777145603e+00 9.944074302844750e-01
1.645143788344728e+00 9.941670433686929e-01
1.645145799548769e+00 9.938957501169693e-01
1.645147810757728e+00 9.935921915326218e-01
1.645149821971605e+00 9.932573907226853e-01
1.645151833190399e+00 9.928958969773328e-01
1.645153844414110e+00 9.925165735293772e-01
1.645155855642739e+00 9.921347269509191e-01
1.645157866876285e+00 9.917711202046472e-01
1.645159878114749e+00 9.914507233151462e-01
1.645161889358131e+00 9.911990204374134e-01
1.645163900606430e+00 9.910372253450869e-01
1.645165911859647e+00 9.909776850715362e-01
1.645167923117781e+00 9.910205399373476e-01
1.645169934380833e+00 9.911544750689993e-01
1.645171945648803e+00 9.913591071086771e-01
1.645173956921690e+00 9.916098550956465e-01
1.645175968199495e+00 9.918819746960855e-01
1.645177979482218e+00 9.921545949434124e-01
1.645179990769858e+00 9.924124117970086e-01
1.645182002062417e+00 9.926461554930449e-01
1.645184013359893e+00 9.928514935706912e-01
1.645186024662286e+00 9.930283792486904e-01
1.645188035969598e+00 9.931780931869021e-01
1.645190047281827e+00 9.933030745607773e-01
1.645192058598974e+00 9.934057555783582e-01
1.645194069921039e+00 9.934876911544078e-01
1.645196081248023e+00 9.935506222241598e-01
1.645198092579923e+00 9.935950110928136e-01
1.645200103916742e+00 9.936214461311352e-01
1.645202115258479e+00 9.936306782483797e-01
1.645204126605133e+00 9.936238280674731e-01
1.645206137956706e+00 9.936027286040339e-01
1.645208149313196e+00 9.935691421363182e-01
1.645210160674605e+00 9.935250458903934e-01
1.645212172040931e+00 9.934722390114572e-01
1.645214183412176e+00 9.934118007307509e-01
1.645216194788339e+00 9.933439567838752e-01
1.645218206169419e+00 9.932679755839600e-01
1.645220217555418e+00 9.931833928119514e-01
1.645222228946335e+00 9.930882531442083e-01
1.645224240342170e+00 9.929839930370046e-01
1.645226251742923e+00 9.928724638075579e-01
1.645228263148594e+00 9.927565511956510e-01
1.645230274559184e+00 9.926401787880941e-01
1.645232285974691e+00 9.925258929009891e-01
1.645234297395118e+00 9.924145620811138e-01
1.645236308820462e+00 9.923051257913700e-01
1.645238320250724e+00 9.921957246708243e-01
1.645240331685905e+00 9.920850162085445e-01
1.645242343126004e+00 9.919731736042308e-01
1.645244354571021e+00 9.918621962235082e-01
1.645246366020956e+00 9.917559233622977e-01
1.645248377475810e+00 9.916594967747712e-01
1.645250388935583e+00 9.915786714696229e-01
1.645252400400273e+00 9.915188585764261e-01
1.645254411869882e+00 9.914836019554929e-01
1.645256423344410e+00 9.914728528184221e-01
1.645258434823856e+00 9.914823719993627e-01
1.645260446308220e+00 9.915053314320468e-01
1.645262457797503e+00 9.915332169985501e-01
1.645264469291704e+00 9.915584354676105e-01
1.645266480790824e+00 9.915755187152764e-01
1.645268492294862e+00 9.915814963977472e-01
1.645270503803819e+00 9.915751650237767e-01
1.645272515317694e+00 9.915570816750676e-01
1.645274526836488e+00 9.915281177910656e-01
1.645276538360201e+00 9.914891404705453e-01
1.645278549888832e+00 9.914407630761084e-01
1.645280561422382e+00 9.913826675230485e-01
1.645282572960850e+00 9.913143080424787e-01
1.645284584504238e+00 9.912350710104655e-01
1.645286596052543e+00 9.911445574983462e-01
1.645288607605768e+00 9.910425509271091e-01
1.645290619163911e+00 9.909286755456891e-01
1.645292630726973e+00 9.908025165163133e-01
1.645294642294954e+00 9.906640831472520e-01
1.645296653867853e+00 9.905133169364111e-01
1.645298665445672e+00 9.903502705597251e-01
1.645300677028409e+00 9.901751723328155e-01
1.645302688616065e+00 9.899885578850642e-01
1.645304700208639e+00 9.897909342849752e-01
1.645306711806133e+00 9.895834749120337e-01
1.645308723408546e+00 9.893678850660917e-01
1.645310735015877e+00 9.891460198763672e-01
1.645312746628127e+00 9.889211577518805e-01
1.645314758245296e+00 9.886976957111285e-01
1.645316769867385e+00 9.884796410835871e-01
1.645318781494392e+00 9.882713235443288e-01
1.645320793126318e+00 9.880749841232441e-01
1.645322804763163e+00 9.878904436498183e-01
1.645324816404927e+00 9.877154031794346e-01
1.645326828051611e+00 9.875465779314392e-01
1.645328839703213e+00 9.873813136038980e-01
1.645330851359734e+00 9.872175948910800e-01
1.645332863021175e+00 9.870551259486121e-01
1.645334874687534e+00 9.868944751016855e-01
1.645336886358813e+00 9.867358997016007e-01
1.645338898035011e+00 9.865785617082456e-01
1.645340909716128e+00 9.864203494191417e-01
1.645342921402164e+00 9.862578500211423e-01
1.645344933093120e+00 9.860873591116537e-01
1.645346944788995e+00 9.859054752496005e-01
1.645348956489789e+00 9.857099143031571e-01
1.645350968195502e+00 9.854986661429297e-01
1.645352979906134e+00 9.852707406821417e-01
1.645354991621686e+00 9.850258348535508e-01
1.645357003342157e+00 9.847639475895545e-01
1.645359015067547e+00 9.844855298166627e-01
1.645361026797857e+00 9.841911877192789e-01
1.645363038533086e+00 9.838818308647322e-01
1.645365050273235e+00 9.835586056563970e-01
1.645367062018303e+00 9.832227528615952e-01
1.645369073768290e+00 9.828755908127088e-01
1.645371085523197e+00 9.825176330137260e-01
1.645373097283023e+00 9.821485821828632e-01
1.645375109047769e+00 9.817679553459078e-01
1.645377120817434e+00 9.813737589782996e-01
1.645379132592019e+00 9.809646391530100e-01
1.645381144371523e+00 9.805378129761232e-01
1.645383156155947e+00 9.800915091819483e-01
1.645385167945290e+00 9.796240028339044e-01
1.645387179739553e+00 9.791338690945597e-01
1.645389191538736e+00 9.786204349002068e-01
1.645391203342838e+00 9.780830120832457e-01
1.645393215151860e+00 9.775211597823523e-01
1.645395226965801e+00 9.769352752823028e-01
1.645397238784662e+00 9.763249839237383e-01
1.645399250608443e+00 9.756902064969920e-01
1.645401262437144e+00 9.750300704869528e-01
1.645403274270764e+00 9.743430417497216e-01
1.645405286109304e+00 9.736269888519176e-01
1.645407297952764e+00 9.728794522107669e-01
1.645409309801144e+00 9.720981132668062e-01
1.645411321654443e+00 9.712804166587017e-01
1.645413333512662e+00 9.704236227719386e-01
1.645415345375801e+00 9.695251509653142e-01
1.645417357243860e+00 9.685823978097047e-01
1.645419369116839e+00 9.675932250605048e-01
1.645421380994738e+00 9.665564878012810e-01
1.645423392877556e+00 9.654725857110210e-01
1.645425404765295e+00 9.643436702300536e-01
1.645427416657953e+00 9.631735548398408e-01
1.645429428555532e+00 9.619668113509320e-01
1.645431440458030e+00 9.607270812923392e-01
1.645433452365448e+00 9.594551645333448e-01
1.645435464277787e+00 9.581484019374793e-01
1.645437476195045e+00 9.567998011003803e-01
1.645439488117224e+00 9.553988983341939e-01
1.645441500044322e+00 9.539331108371956e-01
1.645443511976341e+00 9.523896198125568e-01
1.645445523913280e+00 9.507566577588100e-01
1.645447535855139e+00 9.490241192885465e-01
1.645449547801918e+00 9.471833709280896e-01
1.645451559753617e+00 9.452262764549748e-01
1.645453571710237e+00 9.431437485124057e-01
1.645455583671776e+00 9.409253686927240e-01
1.645457595638236e+00 9.385586915908440e-01
1.645459607609616e+00 9.360296599578768e-01
1.645461619585916e+00 9.333222173460897e-01
1.645463631567136e+00 9.304192702985778e-01
1.645465643553278e+00 9.273024707883651e-01
1.645467655544339e+00 9.239520979843658e-01
1.645469667540320e+00 9.203466449907559e-01
1.645471679541222e+00 9.164624358684044e-01
1.645473691547044e+00 9.122727946375383e-01
1.645475703557787e+00 9.076516004085320e-01
1.645477715573450e+00 9.027460692680340e-01
1.645479727594033e+00 8.973766408021970e-01
1.645481739619537e+00 8.916037226175465e-01
1.645483751649961e+00 8.852700839690515e-01
1.645485763685306e+00 8.784303218451875e-01
1.645487775725571e+00 8.709678753104545e-01
1.645489787770757e+00 8.628101406341944e-01
1.645491799820863e+00 8.538742685655707e-01
1.645493811875890e+00 8.440675161891220e-01
1.645495823935837e+00 8.332823922801098e-01
1.645497836000706e+00 8.213989920019037e-01
1.645499848070494e+00 8.082817984489060e-01
1.645501860145203e+00 7.937794750284557e-01
1.645503872224833e+00 7.777252289874729e-01
1.645505884309383e+00 7.598460985945905e-01
1.645507896398854e+00 7.401246440139823e-01
1.645509908493246e+00 7.182365480856012e-01
1.645511920592559e+00 6.940612914725424e-01
1.645513932696792e+00 6.674569438953636e-01
1.645515944805946e+00 6.383162795977633e-01
1.645517956920020e+00 6.066610922357735e-01
1.645519969039016e+00 5.726834824732933e-01
1.645521981162932e+00 5.368108545133539e-01
1.645523993291769e+00 4.997567520764495e-01
1.645526005425527e+00 4.625455042693009e-01
1.645528017564206e+00 4.264676067221812e-01
1.645530029707805e+00 3.929518932010497e-01
1.645532041856326e+00 3.633751291012596e-01
1.645534054009767e+00 3.388585103864962e-01
1.645536066168130e+00 3.201175349857512e-01
1.645538078331413e+00 3.073932829434579e-01
1.645540090499617e+00 3.004531308705353e-01
1.645542102672743e+00 2.986268534426601e-01
1.645544114850789e+00 3.008597115478576e-01
1.645546127033756e+00 3.057934005211716e-01
1.645548139221644e+00 3.119027439012156e-01
1.645550151414453e+00 3.176828208250809e-01
1.645552163612184e+00 3.218868560623944e-01
1.645554175814835e+00 3.237479191186017e-01
1.645556188022408e+00 3.231469552512113e-01
1.645558200234902e+00 3.206493297588666e-01
1.645560212452317e+00 3.174031549445380e-01
1.645562224674652e+00 3.149180120914505e-01
1.645564236901909e+00 3.147947135491123e-01
1.645566249134088e+00 3.184807352520418e-01
1.645568261371187e+00 3.270847170920608e-01
1.645570273613208e+00 3.412751184375946e-01
1.645572285860150e+00 3.612090984251425e-01
1.645574298112013e+00 3.865180685001295e-01
1.645576310368798e+00 4.163520011916119e-01
1.645578322630504e+00 4.495098814313065e-01
1.645580334897131e+00 4.846309147997048e-01
1.645582347168679e+00 5.203952232772820e-01
1.645584359445149e+00 5.556774550938282e-01
1.645586371726541e+00 5.896234310718766e-01
1.645588384012853e+00 6.216607326491592e-01
1.645590396304087e+00 6.514644686985959e-01
1.645592408600243e+00 6.788963918001161e-01
1.645594420901320e+00 7.040391574213009e-01
1.645596433207318e+00 7.268290587384293e-01
1.645598445518238e+00 7.474863992734843e-01
1.645600457834079e+00 7.662276408476388e-01
1.645602470154842e+00 7.831345933936705e-01
1.645604482480527e+00 7.984864175336970e-01
1.645606494811132e+00 8.123318834912089e-01
1.645608507146660e+00 8.248823130544759e-01
1.645610519487109e+00 8.362738336856275e-01
1.645612531832480e+00 8.466293248259387e-01
1.645614544182772e+00 8.560577098830122e-01
1.645616556537986e+00 8.646571660607697e-01
1.645618568898122e+00 8.725151611047605e-01
1.645620581263179e+00 8.797102937559114e-01
1.645622593633158e+00 8.863129292834402e-01
1.645624606008059e+00 8.924877414045755e-01
1.645626618387881e+00 8.980788895298316e-01
1.645628630772625e+00 9.032505916142790e-01
1.645630643162291e+00 9.081430854344968e-01
1.645632655556879e+00 9.125964893958343e-01
1.645634667956389e+00 9.167501248080394e-01
1.645636680360820e+00 9.206300040996578e-01
1.645638692770173e+00 9.242578316694782e-01
1.645640705184448e+00 9.276507399297134e-01
1.645642717603645e+00 9.308238430563239e-01
1.645644730027764e+00 9.337910276107764e-01
1.645646742456805e+00 9.365658323687488e-01
1.645648754890768e+00 9.391613922809887e-01
1.645650767329653e+00 9.415904667932268e-01
1.645652779773459e+00 9.438652548291503e-01
1.645654792222188e+00 9.459973801832147e-01
1.645656804675838e+00 9.479975697549272e-01
1.645658817134411e+00 9.498758303140095e-01
1.645660829597906e+00 9.516414181753712e-01
1.645662842066323e+00 9.533030245165489e-01
1.645664854539661e+00 9.548680935985443e-01
1.645666867017923e+00 9.563432090151083e-01
1.645668879501105e+00 9.577336689762018e-01
1.645670891989210e+00 9.590438209311927e-01
1.645672904482238e+00 9.602766926100815e-01
1.645674916980187e+00 9.614350509631652e-01
1.645676929483059e+00 9.625204262304445e-01
1.645678941990853e+00 9.635354828188376e-01
1.645680954503569e+00 9.644833156723905e-01
1.645682967021207e+00 9.653688922156318e-01
1.645684979543768e+00 9.661990904524753e-01
1.645686992071251e+00 9.669837084419226e-01
1.645689004603656e+00 9.677344586447623e-01
1.645691017140983e+00 9.684644621025982e-01
1.645693029683233e+00 9.691860802057757e-01
1.645695042230405e+00 9.699082540639008e-01
1.645697054782500e+00 9.706346813645780e-01
1.645699067339517e+00 9.713629029623877e-01
1.645701079901456e+00 9.720855436503076e-01
1.645703092468318e+00 9.727926677783288e-01
1.645705105040102e+00 9.734746051184587e-01
1.645707117616809e+00 9.741241730035626e-01
1.645709130198437e+00 9.747378509392358e-01
1.645711142784989e+00 9.753151436491094e-01
1.645713155376463e+00 9.758576383083938e-01
1.645715167972860e+00 9.763682844878723e-01
1.645717180574179e+00 9.768495446441976e-01
1.645719193180421e+00 9.773032536873546e-01
1.645721205791585e+00 9.777305440228442e-01
1.645723218407672e+00 9.781320767907664e-01
1.645725231028681e+00 9.785087259473937e-01
1.645727243654614e+00 9.788621692060713e-01
1.645729256285468e+00 9.791950551425095e-01
1.645731268921246e+00 9.795107087917106e-01
1.645733281561946e+00 9.798097448805697e-01
1.645735294207569e+00 9.801011262934112e-01
1.645737306858114e+00 9.803837541348630e-01
1.645739319513583e+00 9.806572919920005e-01
1.645741332173974e+00 9.809196675803714e-01
1.645743344839288e+00 9.811673830696210e-01
1.645745357509524e+00 9.813961589463698e-01
1.645747370184684e+00 9.816015261735997e-01
1.645749382864766e+00 9.817792969177701e-01
1.645751395549772e+00 9.819254068041446e-01
1.645753408239700e+00 9.820369113278888e-01
1.645755420934551e+00 9.821123023053487e-01
1.645757433634324e+00 9.821504353610296e-01
1.645759446339021e+00 9.821525739293209e-01
1.645761459048641e+00 9.821211947027718e-01
1.645763471763184e+00 9.820591965573048e-01
1.645765484482649e+00 9.819687710151809e-01
1.645767497207038e+00 9.818495089548043e-01
1.645769509936350e+00 9.816974492578702e-01
1.645771522670584e+00 9.815049817344655e-01
1.645773535409742e+00 9.812615346835014e-01
1.645775548153823e+00 9.809567859260084e-01
1.645777560902827e+00 9.805833533416555e-01
1.645779573656754e+00 9.801409302356598e-01
1.645781586415604e+00 9.796405200842011e-01
1.645783599179377e+00 9.791075468467690e-01
1.645785611948074e+00 9.785837603965928e-01
1.645787624721693e+00 9.781257839236173e-01
1.645789637500236e+00 9.777984139152973e-01
1.645791650283702e+00 9.776635766137680e-01
1.645793663072092e+00 9.777656130060525e-01
1.645795675865404e+00 9.781199210629762e-01
1.645797688663640e+00 9.787082168595712e-01
1.645799701466799e+00 9.794842979626993e-01
1.645801714274881e+00 9.803863545147423e-01
1.645803727087887e+00 9.813510963025885e-01
1.645805739905816e+00 9.823239635767205e-01
1.645807752728669e+00 9.832644747583532e-01
1.645809765556444e+00 9.841467996411092e-01
1.645811778389143e+00 9.849572743326396e-01
1.645813791226766e+00 9.856915808181528e-01
1.645815804069312e+00 9.863515283233114e-01
1.645817816916782e+00 9.869433301422994e-01
1.645819829769175e+00 9.874739941081996e-01
1.645821842626491e+00 9.879513423635545e-01
1.645823855488731e+00 9.883835615785266e-01
1.645825868355894e+00 9.887770651080161e-01
1.645827881227981e+00 9.891361758323565e-01
1.645829894104992e+00 9.894644777001990e-01
1.645831906986926e+00 9.897638969090193e-01
1.645833919873784e+00 9.900361230962443e-01
1.645835932765565e+00 9.902825909664066e-01
1.645837945662270e+00 9.905051944680472e-01
1.645839958563899e+00 9.907053430001209e-01
1.645841971470451e+00 9.908851260670376e-01
1.645843984381927e+00 9.910468067984108e-01
1.645845997298326e+00 9.911928816683655e-01
1.645848010219650e+00 9.913259371585147e-01
1.645850023145897e+00 9.914484241503159e-01
1.645852036077068e+00 9.915624922390057e-01
1.645854049013162e+00 9.916726011814864e-01
1.645856061954181e+00 9.917729194936862e-01
1.645858074900123e+00 9.918667992488183e-01
1.645860087850989e+00 9.919529203129911e-01
1.645862100806779e+00 9.920297802494389e-01
1.645864113767493e+00 9.920962007005208e-01
1.645866126733130e+00 9.921517896348880e-01
1.645868139703692e+00 9.921973833496376e-01
1.645870152679178e+00 9.922350920120937e-01
1.645872165659587e+00 9.922689739228528e-01
1.645874178644920e+00 9.923037132196779e-01
1.645876191635178e+00 9.923447068030453e-01
1.645878204630359e+00 9.923972998629921e-01
1.645880217630464e+00 9.924651822146051e-01
1.645882230635494e+00 9.925500236583280e-01
1.645884243645447e+00 9.926510348776123e-01
1.645886256660325e+00 9.927653573644131e-01
1.645888269680126e+00 9.928884253780312e-01
1.645890282704852e+00 9.930152162341451e-01
1.645892295734502e+00 9.931411413556346e-01
1.645894308769076e+00 9.932626537689503e-01
1.645896321808574e+00 9.933774366478858e-01
1.645898334852996e+00 9.934844851422935e-01
1.645900347902342e+00 9.935832494063842e-01
1.645902360956613e+00 9.936732198313705e-01
1.645904374015808e+00 9.937546601096572e-01
1.645906387079927e+00 9.938270072449001e-01
1.645908400148970e+00 9.938896238037330e-01
1.645910413222938e+00 9.939417067696381e-01
1.645912426301830e+00 9.939822732245596e-01
1.645914439385646e+00 9.940105996772293e-01
1.645916452474387e+00 9.940263721744674e-01
1.645918465568052e+00 9.940300256898651e-01
1.645920478666641e+00 9.940230713855196e-01
1.645922491770155e+00 9.940081302568138e-01
1.645924504878593e+00 9.939893980396808e-01
1.645926517991956e+00 9.939720362233366e-01
1.645928531110243e+00 9.939612253942915e-01
1.645930544233454e+00 9.939608699261206e-01
1.645932557361590e+00 9.939727749390708e-01
1.645934570494650e+00 9.939963155420601e-01
1.645936583632635e+00 9.940291165914048e-01
1.645938596775545e+00 9.940687080442140e-01
1.645940609923379e+00 9.941132496769990e-01
1.645942623076137e+00 9.941604672552229e-01
1.645944636233820e+00 9.942092657847491e-01
1.645946649396428e+00 9.942578028067244e-01
1.645948662563961e+00 9.943039410314517e-01
1.645950675736418e+00 9.943457057701336e-01
1.645952688913799e+00 9.943822935505461e-01
1.645954702096106e+00 9.944149197973101e-01
1.645956715283337e+00 9.944471377557031e-01
1.645958728475493e+00 9.944843785243902e-01
1.645960741672573e+00 9.945327099236936e-01
1.645962754874578e+00 9.945963958851116e-01
1.645964768081508e+00 9.946773050562715e-01
1.645966781293363e+00 9.947738194151254e-01
1.645968794510143e+00 9.948815984104449e-01
1.645970807731847e+00 9.949948545156717e-01
1.645972820958477e+00 9.951078918221973e-01
1.645974834190031e+00 9.952161713730698e-01
1.645976847426510e+00 9.953167434087811e-01
1.645978860667914e+00 9.954082599819360e-01
1.645980873914243e+00 9.954908794487346e-01
1.645982887165496e+00 9.955651146476299e-01
1.645984900421675e+00 9.956323638558842e-01
1.645986913682778e+00 9.956942530892725e-01
1.645988926948807e+00 9.957522971272571e-01
1.645990940219761e+00 9.958077755970236e-01
1.645992953495640e+00 9.958608865474542e-01
1.645994966776444e+00 9.959118336527318e-01
1.645996980062172e+00 9.959602376720381e-01
1.645998993352826e+00 9.960055523401290e-01
