# G & A Technical Software, Inc.  (GATS) Spectral Calculator
# http://www.spectralcalc.com
# Date: Sat Mar 16 03:31:50 2024
# Line list: hitran2020
#
# Cell Number: 1
# Pressure (mb) = 1013.25
# Temperature (K) = 296
# Length (cm) = 10
# Gas               Isotope Id            Volume Mixing Ratio   
#  CH4              0  All Isotopes       0.15                 
#
# Bandpass Starting Wavelength (microns) = 1.64500100542563
# Bandpass Ending Wavelength (microns) = 1.64599899335283
# Number of Spectral Points = 497
# Mean Transmittance = 0.956473867662994
#
#   Wavelength (microns)   Transmittance
1.645001005425629e+00 9.983380816110938e-01
1.645003016280578e+00 9.983723198764791e-01
1.645005027140443e+00 9.984056479584649e-01
1.645007038005225e+00 9.984362137031292e-01
1.645009048874923e+00 9.984627692910232e-01
1.645011059749538e+00 9.984847740072094e-01
1.645013070629068e+00 9.985021762885143e-01
1.645015081513515e+00 9.985153161359663e-01
1.645017092402878e+00 9.985248358593992e-01
1.645019103297157e+00 9.985314583949332e-01
1.645021114196353e+00 9.985358456992476e-01
1.645023125100465e+00 9.985384356383509e-01
1.645025136009493e+00 9.985393289829075e-01
1.645027146923437e+00 9.985382682453152e-01
1.645029157842298e+00 9.985349549151921e-01
1.645031168766076e+00 9.985290277283013e-01
1.645033179694769e+00 9.985204746419094e-01
1.645035190628380e+00 9.985094049907748e-01
1.645037201566906e+00 9.984962025676094e-01
1.645039212510350e+00 9.984816348637002e-01
1.645041223458709e+00 9.984666785600911e-01
1.645043234411985e+00 9.984525104384216e-01
1.645045245370178e+00 9.984400188390429e-01
1.645047256333287e+00 9.984296654906933e-01
1.645049267301313e+00 9.984214600903087e-01
1.645051278274255e+00 9.984150208828935e-01
1.645053289252114e+00 9.984092867687777e-01
1.645055300234890e+00 9.984035052659712e-01
1.645057311222581e+00 9.983969341385411e-01
1.645059322215190e+00 9.983890199252414e-01
1.645061333212716e+00 9.983794245545954e-01
1.645063344215158e+00 9.983680298739034e-01
1.645065355222517e+00 9.983545702572049e-01
1.645067366234792e+00 9.983387637173591e-01
1.645069377251984e+00 9.983204247628183e-01
1.645071388274093e+00 9.982993968721561e-01
1.645073399301119e+00 9.982755624899331e-01
1.645075410333062e+00 9.982488252454603e-01
1.645077421369921e+00 9.982191161120454e-01
1.645079432411698e+00 9.981864664977993e-01
1.645081443458390e+00 9.981511813679050e-01
1.645083454510000e+00 9.981141000512640e-01
1.645085465566527e+00 9.980766019392260e-01
1.645087476627971e+00 9.980405196980244e-01
1.645089487694331e+00 9.980079980340547e-01
1.645091498765609e+00 9.979808275164161e-01
1.645093509841803e+00 9.979599052975712e-01
1.645095520922915e+00 9.979450197764129e-01
1.645097532008943e+00 9.979350809613504e-01
1.645099543099889e+00 9.979286256058684e-01
1.645101554195751e+00 9.979242674571173e-01
1.645103565296531e+00 9.979206728177470e-01
1.645105576402227e+00 9.979175814521857e-01
1.645107587512841e+00 9.979135790715851e-01
1.645109598628372e+00 9.979081094562037e-01
1.645111609748820e+00 9.979006294147841e-01
1.645113620874185e+00 9.978905804482068e-01
1.645115632004467e+00 9.978776157556445e-01
1.645117643139666e+00 9.978615124112911e-01
1.645119654279783e+00 9.978420061775801e-01
1.645121665424816e+00 9.978187113658823e-01
1.645123676574767e+00 9.977910853181160e-01
1.645125687729635e+00 9.977584979079077e-01
1.645127698889421e+00 9.977199616499615e-01
1.645129710054124e+00 9.976745708407305e-01
1.645131721223744e+00 9.976214075283143e-01
1.645133732398281e+00 9.975594180190890e-01
1.645135743577735e+00 9.974874789601678e-01
1.645137754762107e+00 9.974042755485806e-01
1.645139765951397e+00 9.973083748859686e-01
1.645141777145603e+00 9.971982138958713e-01
1.645143788344728e+00 9.970722254240679e-01
1.645145799548769e+00 9.969291488169352e-01
1.645147810757728e+00 9.967679501005007e-01
1.645149821971605e+00 9.965888617556383e-01
1.645151833190399e+00 9.963940261263692e-01
1.645153844414110e+00 9.961880618563952e-01
1.645155855642739e+00 9.959792968986931e-01
1.645157866876285e+00 9.957794039580390e-01
1.645159878114749e+00 9.956027009500011e-01
1.645161889358131e+00 9.954640057569000e-01
1.645163900606430e+00 9.953757610544195e-01
1.645165911859647e+00 9.953452585265681e-01
1.645167923117781e+00 9.953725860299694e-01
1.645169934380833e+00 9.954510816297237e-01
1.645171945648803e+00 9.955687993165125e-01
1.645173956921690e+00 9.957114409754634e-01
1.645175968199495e+00 9.958647893392877e-01
1.645177979482218e+00 9.960170588512511e-01
1.645179990769858e+00 9.961598278220151e-01
1.645182002062417e+00 9.962882106462931e-01
1.645184013359893e+00 9.964001850441294e-01
1.645186024662286e+00 9.964961030143538e-01
1.645188035969598e+00 9.965770019803938e-01
1.645190047281827e+00 9.966444900966808e-01
1.645192058598974e+00 9.967000665440564e-01
1.645194069921039e+00 9.967446520499769e-01
1.645196081248023e+00 9.967791699805226e-01
1.645198092579923e+00 9.968038260786636e-01
1.645200103916742e+00 9.968188774644666e-01
1.645202115258479e+00 9.968246871577973e-01
1.645204126605133e+00 9.968218463639229e-01
1.645206137956706e+00 9.968113930548620e-01
1.645208149313196e+00 9.967943268244466e-01
1.645210160674605e+00 9.967718123521128e-01
1.645212172040931e+00 9.967449112752151e-01
1.645214183412176e+00 9.967142521503806e-01
1.645216194788339e+00 9.966799033173217e-01
1.645218206169419e+00 9.966413353903779e-01
1.645220217555418e+00 9.965980810695648e-01
1.645222228946335e+00 9.965489265344605e-01
1.645224240342170e+00 9.964945183543312e-01
1.645226251742923e+00 9.964359222731295e-01
1.645228263148594e+00 9.963748937751471e-01
1.645230274559184e+00 9.963137889844895e-01
1.645232285974691e+00 9.962541629642090e-01
1.645234297395118e+00 9.961964403725064e-01
1.645236308820462e+00 9.961398241926228e-01
1.645238320250724e+00 9.960830189697897e-01
1.645240331685905e+00 9.960251193785217e-01
1.645242343126004e+00 9.959661833510055e-01
1.645244354571021e+00 9.959073792710750e-01
1.645246366020956e+00 9.958509362596787e-01
1.645248377475810e+00 9.957998777344292e-01
1.645250388935583e+00 9.957576851417399e-01
1.645252400400273e+00 9.957277709013437e-01
1.645254411869882e+00 9.957124452727817e-01
1.645256423344410e+00 9.957117877963988e-01
1.645258434823856e+00 9.957232195086146e-01
1.645260446308220e+00 9.957424689446069e-01
1.645262457797503e+00 9.957643181892800e-01
1.645264469291704e+00 9.957842129600284e-01
1.645266480790824e+00 9.957989957670482e-01
1.645268492294862e+00 9.958070930174172e-01
1.645270503803819e+00 9.958080255362766e-01
1.645272515317694e+00 9.958023205377516e-01
1.645274526836488e+00 9.957906848162574e-01
1.645276538360201e+00 9.957737399284956e-01
1.645278549888832e+00 9.957518830581594e-01
1.645280561422382e+00 9.957249522440011e-01
1.645282572960850e+00 9.956926173113039e-01
1.645284584504238e+00 9.956545347673080e-01
1.645286596052543e+00 9.956104762446409e-01
1.645288607605768e+00 9.955603386917244e-01
1.645290619163911e+00 9.955039014418103e-01
1.645292630726973e+00 9.954409365786192e-01
1.645294642294954e+00 9.953714212388672e-01
1.645296653867853e+00 9.952953021059493e-01
1.645298665445672e+00 9.952125667927184e-01
1.645300677028409e+00 9.951233036041190e-01
1.645302688616065e+00 9.950277779417274e-01
1.645304700208639e+00 9.949262320625665e-01
1.645306711806133e+00 9.948192542845388e-01
1.645308723408546e+00 9.947077218038113e-01
1.645310735015877e+00 9.945926013450532e-01
1.645312746628127e+00 9.944757446582906e-01
1.645314758245296e+00 9.943597907277893e-01
1.645316769867385e+00 9.942473314765553e-01
1.645318781494392e+00 9.941410988747004e-01
1.645320793126318e+00 9.940425059738588e-01
1.645322804763163e+00 9.939513366689624e-01
1.645324816404927e+00 9.938659413323639e-01
1.645326828051611e+00 9.937840754441658e-01
1.645328839703213e+00 9.937039705052285e-01
1.645330851359734e+00 9.936244406720696e-01
1.645332863021175e+00 9.935455274466465e-01
1.645334874687534e+00 9.934678566070688e-01
1.645336886358813e+00 9.933918807327086e-01
1.645338898035011e+00 9.933172964657039e-01
1.645340909716128e+00 9.932428607155637e-01
1.645342921402164e+00 9.931665343768217e-01
1.645344933093120e+00 9.930860671797144e-01
1.645346944788995e+00 9.929994727284435e-01
1.645348956489789e+00 9.929054497023704e-01
1.645350968195502e+00 9.928029193320239e-01
1.645352979906134e+00 9.926914002706024e-01
1.645354991621686e+00 9.925707989494310e-01
1.645357003342157e+00 9.924411838437985e-01
1.645359015067547e+00 9.923028468248852e-01
1.645361026797857e+00 9.921561814801044e-01
1.645363038533086e+00 9.920017273547177e-01
1.645365050273235e+00 9.918401716480946e-01
1.645367062018303e+00 9.916722899394291e-01
1.645369073768290e+00 9.914989128208900e-01
1.645371085523197e+00 9.913204023248426e-01
1.645373097283023e+00 9.911366449284493e-01
1.645375109047769e+00 9.909473666940569e-01
1.645377120817434e+00 9.907514432465584e-01
1.645379132592019e+00 9.905480436613014e-01
1.645381144371523e+00 9.903356322801775e-01
1.645383156155947e+00 9.901131729286823e-01
1.645385167945290e+00 9.898797385165241e-01
1.645387179739553e+00 9.896345497248031e-01
1.645389191538736e+00 9.893772753084565e-01
1.645391203342838e+00 9.891075848106499e-01
1.645393215151860e+00 9.888253373919111e-01
1.645395226965801e+00 9.885308264814662e-01
1.645397238784662e+00 9.882240253513693e-01
1.645399250608443e+00 9.879050080643268e-01
1.645401262437144e+00 9.875733891819980e-01
1.645403274270764e+00 9.872283328326754e-01
1.645405286109304e+00 9.868686565208646e-01
1.645407297952764e+00 9.864929991186402e-01
1.645409309801144e+00 9.861000886568768e-01
1.645411321654443e+00 9.856885670391973e-01
1.645413333512662e+00 9.852570014800247e-01
1.645415345375801e+00 9.848039739167859e-01
1.645417357243860e+00 9.843280565355785e-01
1.645419369116839e+00 9.838280082076769e-01
1.645421380994738e+00 9.833031397409183e-01
1.645423392877556e+00 9.827536760197955e-01
1.645425404765295e+00 9.821808971352510e-01
1.645427416657953e+00 9.815870748014404e-01
1.645429428555532e+00 9.809750377408749e-01
1.645431440458030e+00 9.803471139817230e-01
1.645433452365448e+00 9.797040462138888e-01
1.645435464277787e+00 9.790445007095138e-01
1.645437476195045e+00 9.783647481702462e-01
1.645439488117224e+00 9.776588947303194e-01
1.645441500044322e+00 9.769199755011254e-01
1.645443511976341e+00 9.761408824929837e-01
1.645445523913280e+00 9.753152235824176e-01
1.645447535855139e+00 9.744377291682863e-01
1.645449547801918e+00 9.735040072126037e-01
1.645451559753617e+00 9.725100237907401e-01
1.645453571710237e+00 9.714511069376568e-01
1.645455583671776e+00 9.703217326391066e-01
1.645457595638236e+00 9.691151112155564e-01
1.645459607609616e+00 9.678234075570127e-01
1.645461619585916e+00 9.664377546949983e-01
1.645463631567136e+00 9.649486469840655e-01
1.645465643553278e+00 9.633459282867458e-01
1.645467655544339e+00 9.616186840680270e-01
1.645469667540320e+00 9.597549621814574e-01
1.645471679541222e+00 9.577416181476773e-01
1.645473691547044e+00 9.555634941816520e-01
1.645475703557787e+00 9.531527405051395e-01
1.645477715573450e+00 9.505855701856359e-01
1.645479727594033e+00 9.477655777813925e-01
1.645481739619537e+00 9.447213630996679e-01
1.645483751649961e+00 9.413663656052026e-01
1.645485763685306e+00 9.377266298742616e-01
1.645487775725571e+00 9.337348283512422e-01
1.645489787770757e+00 9.293459451908642e-01
1.645491799820863e+00 9.245079261672587e-01
1.645493811875890e+00 9.191606965334157e-01
1.645495823935837e+00 9.132337042834230e-01
1.645497836000706e+00 9.066454339830858e-01
1.645499848070494e+00 8.993010668001281e-01
1.645501860145203e+00 8.910905418520838e-01
1.645503872224833e+00 8.818865617762688e-01
1.645505884309383e+00 8.714898944644852e-01
1.645507896398854e+00 8.598344819693966e-01
1.645509908493246e+00 8.466578621560935e-01
1.645511920592559e+00 8.317955950329607e-01
1.645513932696792e+00 8.150470987941685e-01
1.645515944805946e+00 7.961946589389112e-01
1.645517956920020e+00 7.750744366496680e-01
1.645519969039016e+00 7.516050621973802e-01
1.645521981162932e+00 7.258521029028638e-01
1.645523993291769e+00 6.981071631074620e-01
1.645526005425527e+00 6.689664840598786e-01
1.645528017564206e+00 6.393775199729633e-01
1.645530029707805e+00 6.106146158781571e-01
1.645532041856326e+00 5.841533091164103e-01
1.645534054009767e+00 5.614615881763523e-01
1.645536066168130e+00 5.437564234749167e-01
1.645538078331413e+00 5.317891349106131e-01
1.645540090499617e+00 5.257009438987250e-01
1.645542102672743e+00 5.249776528273105e-01
1.645544114850789e+00 5.285023599599243e-01
1.645546127033756e+00 5.347323379021233e-01
1.645548139221644e+00 5.419391687439852e-01
1.645550151414453e+00 5.484878724928557e-01
1.645552163612184e+00 5.530881813856129e-01
1.645554175814835e+00 5.549870474239964e-01
1.645556188022408e+00 5.540933559600376e-01
1.645558200234902e+00 5.510008920839641e-01
1.645560212452317e+00 5.469000809913515e-01
1.645562224674652e+00 5.433814995439612e-01
1.645564236901909e+00 5.421505302333064e-01
1.645566249134088e+00 5.447350278143959e-01
1.645568261371187e+00 5.522293101296152e-01
1.645570273613208e+00 5.651186668198744e-01
1.645572285860150e+00 5.832205772724022e-01
1.645574298112013e+00 6.057360526022468e-01
1.645576310368798e+00 6.314260385191143e-01
1.645578322630504e+00 6.588682759819449e-01
1.645580334897131e+00 6.867136865248843e-01
1.645582347168679e+00 7.138678969298806e-01
1.645584359445149e+00 7.395641343526100e-01
1.645586371726541e+00 7.633492513554624e-01
1.645588384012853e+00 7.850219034609303e-01
1.645590396304087e+00 8.045606806238967e-01
1.645592408600243e+00 8.220499909821526e-01
1.645594420901320e+00 8.376896298101051e-01
1.645596433207318e+00 8.515629073264548e-01
1.645598445518238e+00 8.639046970754657e-01
1.645600457834079e+00 8.749141855741365e-01
1.645602470154842e+00 8.847022445189323e-01
1.645604482480527e+00 8.934755266451376e-01
1.645606494811132e+00 9.012975883269597e-01
1.645608507146660e+00 9.083159645927180e-01
1.645610519487109e+00 9.146283065302645e-01
1.645612531832480e+00 9.203196763452978e-01
1.645614544182772e+00 9.254632231383080e-01
1.645616556537986e+00 9.301231476671697e-01
1.645618568898122e+00 9.343554339514313e-01
1.645620581263179e+00 9.382093400360286e-01
1.645622593633158e+00 9.417281750482651e-01
1.645624606008059e+00 9.450045803951639e-01
1.645626618387881e+00 9.479585361578980e-01
1.645628630772625e+00 9.506811663393767e-01
1.645630643162291e+00 9.532493334626132e-01
1.645632655556879e+00 9.555801397242436e-01
1.645634667956389e+00 9.577490892872972e-01
1.645636680360820e+00 9.597708476633904e-01
1.645638692770173e+00 9.616574346825764e-01
1.645640705184448e+00 9.634182082870681e-01
1.645642717603645e+00 9.650613226777159e-01
1.645644730027764e+00 9.665944003520336e-01
1.645646742456805e+00 9.680248779371274e-01
1.645648754890768e+00 9.693600713506119e-01
1.645650767329653e+00 9.706070038835549e-01
1.645652779773459e+00 9.717724113232673e-01
1.645654792222188e+00 9.728627173416077e-01
1.645656804675838e+00 9.738837339326195e-01
1.645658817134411e+00 9.748409220273020e-01
1.645660829597906e+00 9.757393765359881e-01
1.645662842066323e+00 9.765837756311507e-01
1.645664854539661e+00 9.773781774928967e-01
1.645666867017923e+00 9.781261227973079e-01
1.645668879501105e+00 9.788304247168580e-01
1.645670891989210e+00 9.794932888032644e-01
1.645672904482238e+00 9.801162203101096e-01
1.645674916980187e+00 9.807004778113004e-01
1.645676929483059e+00 9.812466460098164e-01
1.645678941990853e+00 9.817558934116357e-01
1.645680954503569e+00 9.822296716028012e-01
1.645682967021207e+00 9.826705061399273e-01
1.645684979543768e+00 9.830821099471295e-01
1.645686992071251e+00 9.834698812335579e-01
1.645689004603656e+00 9.838404932624645e-01
1.645691017140983e+00 9.842015398481464e-01
1.645693029683233e+00 9.845602312595693e-01
1.645695042230405e+00 9.849218364191783e-01
1.645697054782500e+00 9.852883946406428e-01
1.645699067339517e+00 9.856582479992071e-01
1.645701079901456e+00 9.860267304906741e-01
1.645703092468318e+00 9.863877112545445e-01
1.645705105040102e+00 9.867353859978294e-01
1.645707117616809e+00 9.870655366991317e-01
1.645709130198437e+00 9.873762136790364e-01
1.645711142784989e+00 9.876673230556148e-01
1.645713155376463e+00 9.879399938982174e-01
1.645715167972860e+00 9.881960727142117e-01
1.645717180574179e+00 9.884370700789317e-01
1.645719193180421e+00 9.886639804019606e-01
1.645721205791585e+00 9.888773170627696e-01
1.645723218407672e+00 9.890773218054845e-01
1.645725231028681e+00 9.892643228060629e-01
1.645727243654614e+00 9.894391742640460e-01
1.645729256285468e+00 9.896033563292272e-01
1.645731268921246e+00 9.897588243146157e-01
1.645733281561946e+00 9.899061770416956e-01
1.645735294207569e+00 9.900503069851795e-01
1.645737306858114e+00 9.901907931358516e-01
1.645739319513583e+00 9.903274227266990e-01
1.645741332173974e+00 9.904589682366177e-01
1.645743344839288e+00 9.905833601921001e-01
1.645745357509524e+00 9.906981000965287e-01
1.645747370184684e+00 9.908006359398402e-01
1.645749382864766e+00 9.908886042333074e-01
1.645751395549772e+00 9.909597076780839e-01
1.645753408239700e+00 9.910122536388991e-01
1.645755420934551e+00 9.910453198718775e-01
1.645757433634324e+00 9.910582638683004e-01
1.645759446339021e+00 9.910518029248234e-01
1.645761459048641e+00 9.910274298562107e-01
1.645763471763184e+00 9.909869604598288e-01
1.645765484482649e+00 9.909318124002141e-01
1.645767497207038e+00 9.908618653941514e-01
1.645769509936350e+00 9.907747806821193e-01
1.645771522670584e+00 9.906658296832632e-01
1.645773535409742e+00 9.905283499053616e-01
1.645775548153823e+00 9.903554817693709e-01
1.645777560902827e+00 9.901418538791296e-01
1.645779573656754e+00 9.898859853126556e-01
1.645781586415604e+00 9.895929271065582e-01
1.645783599179377e+00 9.892763784066255e-01
1.645785611948074e+00 9.889601649079277e-01
1.645787624721693e+00 9.886778242019165e-01
1.645789637500236e+00 9.884688536289388e-01
1.645791650283702e+00 9.883717027976252e-01
1.645793663072092e+00 9.884142792717695e-01
1.645795675865404e+00 9.886062298611318e-01
1.645797688663640e+00 9.889358745938684e-01
1.645799701466799e+00 9.893739894967034e-01
1.645801714274881e+00 9.898822285643892e-01
1.645803727087887e+00 9.904221729162971e-01
1.645805739905816e+00 9.909617685229525e-01
1.645807752728669e+00 9.914781733543078e-01
1.645809765556444e+00 9.919576447813889e-01
1.645811778389143e+00 9.923936565076830e-01
1.645813791226766e+00 9.927849328665512e-01
1.645815804069312e+00 9.931335731057592e-01
1.645817816916782e+00 9.934436258172983e-01
1.645819829769175e+00 9.937197982928053e-01
1.645821842626491e+00 9.939668481030510e-01
1.645823855488731e+00 9.941896191430726e-01
1.645825868355894e+00 9.943918452956720e-01
1.645827881227981e+00 9.945759889977993e-01
1.645829894104992e+00 9.947439708623875e-01
1.645831906986926e+00 9.948967815311417e-01
1.645833919873784e+00 9.950352633231554e-01
1.645835932765565e+00 9.951601294570822e-01
1.645837945662270e+00 9.952723846809287e-01
1.645839958563899e+00 9.953727570638751e-01
1.645841971470451e+00 9.954623708207417e-01
1.645843984381927e+00 9.955424631346731e-01
1.645845997298326e+00 9.956144081903534e-01
1.645848010219650e+00 9.956796563696478e-01
1.645850023145897e+00 9.957395922859840e-01
1.645852036077068e+00 9.957954308090645e-01
1.645854049013162e+00 9.958495177129776e-01
1.645856061954181e+00 9.958988819150747e-01
1.645858074900123e+00 9.959451728161293e-01
1.645860087850989e+00 9.959875240857711e-01
1.645862100806779e+00 9.960249732782754e-01
1.645864113767493e+00 9.960567243802713e-01
1.645866126733130e+00 9.960824479862359e-01
1.645868139703692e+00 9.961025372027192e-01
1.645870152679178e+00 9.961181464518041e-01
1.645872165659587e+00 9.961315359095676e-01
1.645874178644920e+00 9.961453870942121e-01
1.645876191635178e+00 9.961627982376333e-01
1.645878204630359e+00 9.961868675820499e-01
1.645880217630464e+00 9.962197323356169e-01
1.645882230635494e+00 9.962623671381057e-01
1.645884243645447e+00 9.963142997878029e-01
1.645886256660325e+00 9.963738338288999e-01
1.645888269680126e+00 9.964382991243360e-01
1.645890282704852e+00 9.965047889913650e-01
1.645892295734502e+00 9.965706867401480e-01
1.645894308769076e+00 9.966340084813883e-01
1.645896321808574e+00 9.966935200875642e-01
1.645898334852996e+00 9.967487576565486e-01
1.645900347902342e+00 9.967995067266092e-01
1.645902360956613e+00 9.968455723473227e-01
1.645904374015808e+00 9.968871249311584e-01
1.645906387079927e+00 9.969238716814768e-01
1.645908400148970e+00 9.969554320832901e-01
1.645910413222938e+00 9.969813056405494e-01
1.645912426301830e+00 9.970008690991436e-01
1.645914439385646e+00 9.970136137111033e-01
1.645916452474387e+00 9.970192404550364e-01
1.645918465568052e+00 9.970178799031676e-01
1.645920478666641e+00 9.970102851282858e-01
1.645922491770155e+00 9.969979163799721e-01
1.645924504878593e+00 9.969832578372513e-01
1.645926517991956e+00 9.969694890128367e-01
1.645928531110243e+00 9.969598649226812e-01
1.645930544233454e+00 9.969568487234890e-01
1.645932557361590e+00 9.969614839805749e-01
1.645934570494650e+00 9.969731888608392e-01
1.645936583632635e+00 9.969902839199898e-01
1.645938596775545e+00 9.970110897069484e-01
1.645940609923379e+00 9.970344701271990e-01
1.645942623076137e+00 9.970592330595733e-01
1.645944636233820e+00 9.970848462825903e-01
1.645946649396428e+00 9.971102714192487e-01
1.645948662563961e+00 9.971341551738249e-01
1.645950675736418e+00 9.971551464474216e-01
1.645952688913799e+00 9.971725849911763e-01
1.645954702096106e+00 9.971870944746273e-01
1.645956715283337e+00 9.972008149927808e-01
1.645958728475493e+00 9.972171454299619e-01
1.645960741672573e+00 9.972399529983631e-01
1.645962754874578e+00 9.972720172862864e-01
1.645964768081508e+00 9.973145487437234e-01
1.645966781293363e+00 9.973665192891228e-01
1.645968794510143e+00 9.974251626633082e-01
1.645970807731847e+00 9.974868690832728e-01
1.645972820958477e+00 9.975481703111880e-01
1.645974834190031e+00 9.976064006994670e-01
1.645976847426510e+00 9.976599181448089e-01
1.645978860667914e+00 9.977080521758768e-01
1.645980873914243e+00 9.977510094633473e-01
1.645982887165496e+00 9.977891861338388e-01
1.645984900421675e+00 9.978234726001478e-01
1.645986913682778e+00 9.978548744547060e-01
1.645988926948807e+00 9.978843177564708e-01
1.645990940219761e+00 9.979125476932803e-01
1.645992953495640e+00 9.979397026432615e-01
1.645994966776444e+00 9.979658601258610e-01
1.645996980062172e+00 9.979907705048914e-01
1.645998993352826e+00 9.980140897818432e-01
