# G & A Technical Software, Inc.  (GATS) Spectral Calculator
# http://www.spectralcalc.com
# Date: Thu Apr  4 11:03:19 2024
# Line list: hitran2020
#
# Cell Number: 1
# Pressure (mb) = 1013.25
# Temperature (K) = 296
# Length (cm) = 10
# Gas               Isotope Id            Volume Mixing Ratio   
#  CH4              0  All Isotopes       0.28                 
#
# Bandpass Starting Wavelength (microns) = 1.64500100542563
# Bandpass Ending Wavelength (microns) = 1.64599899335283
# Number of Spectral Points = 497
# Mean Transmittance = 0.928645590087755
#
#   Wavelength (microns)   Transmittance
1.645001005425629e+00 9.968231379493498e-01
1.645003016280578e+00 9.968826982178163e-01
1.645005027140443e+00 9.969409108829267e-01
1.645007038005225e+00 9.969945446732162e-01
1.645009048874923e+00 9.970413644821650e-01
1.645011059749538e+00 9.970803495103007e-01
1.645013070629068e+00 9.971113249520209e-01
1.645015081513515e+00 9.971347836403119e-01
1.645017092402878e+00 9.971517649222362e-01
1.645019103297157e+00 9.971634200303778e-01
1.645021114196353e+00 9.971708279124947e-01
1.645023125100465e+00 9.971749828699331e-01
1.645025136009493e+00 9.971758850942040e-01
1.645027146923437e+00 9.971731131833779e-01
1.645029157842298e+00 9.971662552969023e-01
1.645031168766076e+00 9.971547682453741e-01
1.645033179694769e+00 9.971387158018317e-01
1.645035190628380e+00 9.971183219886904e-01
1.645037201566906e+00 9.970942563723739e-01
1.645039212510350e+00 9.970678322466756e-01
1.645041223458709e+00 9.970406740927424e-01
1.645043234411985e+00 9.970147117117781e-01
1.645045245370178e+00 9.969913923408283e-01
1.645047256333287e+00 9.969714516320478e-01
1.645049267301313e+00 9.969549216476375e-01
1.645051278274255e+00 9.969412437407592e-01
1.645053289252114e+00 9.969286534822497e-01
1.645055300234890e+00 9.969159600926355e-01
1.645057311222581e+00 9.969019138985289e-01
1.645059322215190e+00 9.968855396493204e-01
1.645061333212716e+00 9.968662063769125e-01
1.645063344215158e+00 9.968436587160215e-01
1.645065355222517e+00 9.968174136740322e-01
1.645067366234792e+00 9.967869915961656e-01
1.645069377251984e+00 9.967520786360813e-01
1.645071388274093e+00 9.967124278842043e-01
1.645073399301119e+00 9.966678635443665e-01
1.645075410333062e+00 9.966182748950180e-01
1.645077421369921e+00 9.965636357707671e-01
1.645079432411698e+00 9.965041305277581e-01
1.645081443458390e+00 9.964404121950594e-01
1.645083454510000e+00 9.963739658291479e-01
1.645085465566527e+00 9.963070794379405e-01
1.645087476627971e+00 9.962426430439684e-01
1.645089487694331e+00 9.961839585593287e-01
1.645091498765609e+00 9.961337642949877e-01
1.645093509841803e+00 9.960934743812613e-01
1.645095520922915e+00 9.960628788939598e-01
1.645097532008943e+00 9.960404595598119e-01
1.645099543099889e+00 9.960240595724602e-01
1.645101554195751e+00 9.960115326111121e-01
1.645103565296531e+00 9.960005947811444e-01
1.645105576402227e+00 9.959908504135210e-01
1.645107587512841e+00 9.959797013227847e-01
1.645109598628372e+00 9.959661295521911e-01
1.645111609748820e+00 9.959491213882258e-01
1.645113620874185e+00 9.959275987529055e-01
1.645115632004467e+00 9.959008199347105e-01
1.645117643139666e+00 9.958682645805358e-01
1.645119654279783e+00 9.958293600998528e-01
1.645121665424816e+00 9.957833560462003e-01
1.645123676574767e+00 9.957292523340883e-01
1.645125687729635e+00 9.956659227033983e-01
1.645127698889421e+00 9.955916234274248e-01
1.645129710054124e+00 9.955047395724350e-01
1.645131721223744e+00 9.954036252253318e-01
1.645133732398281e+00 9.952863877544341e-01
1.645135743577735e+00 9.951510253940584e-01
1.645137754762107e+00 9.949952265702009e-01
1.645139765951397e+00 9.948165192672971e-01
1.645141777145603e+00 9.946122939287472e-01
1.645143788344728e+00 9.943799695287060e-01
1.645145799548769e+00 9.941176608519954e-01
1.645147810757728e+00 9.938240125562652e-01
1.645149821971605e+00 9.934999772622808e-01
1.645151833190399e+00 9.931499213376986e-01
1.645153844414110e+00 9.927824239594274e-01
1.645155855642739e+00 9.924122921058530e-01
1.645157866876285e+00 9.920597122805137e-01
1.645159878114749e+00 9.917489711131595e-01
1.645161889358131e+00 9.915048724967377e-01
1.645163900606430e+00 9.913480777254956e-01
1.645165911859647e+00 9.912906329280482e-01
1.645167923117781e+00 9.913326685550066e-01
1.645169934380833e+00 9.914631629050352e-01
1.645171945648803e+00 9.916622545134646e-01
1.645173956921690e+00 9.919060168192061e-01
1.645175968199495e+00 9.921703772617346e-01
1.645177979482218e+00 9.924350526322632e-01
1.645179990769858e+00 9.926852115803874e-01
1.645182002062417e+00 9.929118737200612e-01
1.645184013359893e+00 9.931109029237195e-01
1.645186024662286e+00 9.932822825549679e-01
1.645188035969598e+00 9.934273009693304e-01
1.645190047281827e+00 9.935483561275575e-01
1.645192058598974e+00 9.936478295872956e-01
1.645194069921039e+00 9.937272340389149e-01
1.645196081248023e+00 9.937882570135139e-01
1.645198092579923e+00 9.938313412523910e-01
1.645200103916742e+00 9.938570471877152e-01
1.645202115258479e+00 9.938661014628700e-01
1.645204126605133e+00 9.938595851902796e-01
1.645206137956706e+00 9.938392795000673e-01
1.645208149313196e+00 9.938068975123360e-01
1.645210160674605e+00 9.937643654772770e-01
1.645212172040931e+00 9.937134375325534e-01
1.645214183412176e+00 9.936551616112734e-01
1.645216194788339e+00 9.935897499868818e-01
1.645218206169419e+00 9.935164800338182e-01
1.645220217555418e+00 9.934348774714352e-01
1.645222228946335e+00 9.933430214843040e-01
1.645224240342170e+00 9.932422996853314e-01
1.645226251742923e+00 9.931345017336205e-01
1.645228263148594e+00 9.930224520325321e-01
1.645230274559184e+00 9.929099803551221e-01
1.645232285974691e+00 9.927995703648621e-01
1.645234297395118e+00 9.926920571393745e-01
1.645236308820462e+00 9.925863956093717e-01
1.645238320250724e+00 9.924807383935191e-01
1.645240331685905e+00 9.923737730994274e-01
1.645242343126004e+00 9.922656544804014e-01
1.645244354571021e+00 9.921583390631946e-01
1.645246366020956e+00 9.920555555389254e-01
1.645248377475810e+00 9.919623212327684e-01
1.645250388935583e+00 9.918842526959769e-01
1.645252400400273e+00 9.918266512046151e-01
1.645254411869882e+00 9.917929954580366e-01
1.645256423344410e+00 9.917832423772553e-01
1.645258434823856e+00 9.917932642487218e-01
1.645260446308220e+00 9.918163666646693e-01
1.645262457797503e+00 9.918442434280634e-01
1.645264469291704e+00 9.918694753502140e-01
1.645266480790824e+00 9.918867459386753e-01
1.645268492294862e+00 9.918931744507056e-01
1.645270503803819e+00 9.918876179746515e-01
1.645272515317694e+00 9.918706485139581e-01
1.645274526836488e+00 9.918431321851839e-01
1.645276538360201e+00 9.918059288986074e-01
1.645278549888832e+00 9.917596401154541e-01
1.645280561422382e+00 9.917039595503492e-01
1.645282572960850e+00 9.916383568289980e-01
1.645284584504238e+00 9.915622364393630e-01
1.645286596052543e+00 9.914752065195123e-01
1.645288607605768e+00 9.913770603558700e-01
1.645290619163911e+00 9.912674412071594e-01
1.645292630726973e+00 9.911459365738056e-01
1.645294642294954e+00 9.910125462147529e-01
1.645296653867853e+00 9.908672214096119e-01
1.645298665445672e+00 9.907100107796796e-01
1.645300677028409e+00 9.905411183297149e-01
1.645302688616065e+00 9.903610776244905e-01
1.645304700208639e+00 9.901703595262824e-01
1.645306711806133e+00 9.899701005652988e-01
1.645308723408546e+00 9.897619556223188e-01
1.645310735015877e+00 9.895477046659896e-01
1.645312746628127e+00 9.893305451990564e-01
1.645314758245296e+00 9.891147589726639e-01
1.645316769867385e+00 9.889042915384937e-01
1.645318781494392e+00 9.887033724377460e-01
1.645320793126318e+00 9.885141906372343e-01
1.645322804763163e+00 9.883365562429507e-01
1.645324816404927e+00 9.881682046153167e-01
1.645326828051611e+00 9.880059031220799e-01
1.645328839703213e+00 9.878470322958486e-01
1.645330851359734e+00 9.876896367105629e-01
1.645332863021175e+00 9.875334507920190e-01
1.645334874687534e+00 9.873790624978628e-01
1.645336886358813e+00 9.872267504982993e-01
1.645338898035011e+00 9.870757306079577e-01
1.645340909716128e+00 9.869239295679163e-01
1.645342921402164e+00 9.867680411804848e-01
1.645344933093120e+00 9.866044259926929e-01
1.645346944788995e+00 9.864297833433683e-01
1.645348956489789e+00 9.862418963033456e-01
1.645350968195502e+00 9.860388256120798e-01
1.645352979906134e+00 9.858195927706035e-01
1.645354991621686e+00 9.855839304558234e-01
1.645357003342157e+00 9.853318477213722e-01
1.645359015067547e+00 9.850637636100397e-01
1.645361026797857e+00 9.847803112106223e-01
1.645363038533086e+00 9.844823574391238e-01
1.645365050273235e+00 9.841710264038246e-01
1.645367062018303e+00 9.838475156027342e-01
1.645369073768290e+00 9.835131396184031e-01
1.645371085523197e+00 9.831684022203320e-01
1.645373097283023e+00 9.828129940243038e-01
1.645375109047769e+00 9.824464838434521e-01
1.645377120817434e+00 9.820669177581960e-01
1.645379132592019e+00 9.816729688822630e-01
1.645381144371523e+00 9.812619514087745e-01
1.645383156155947e+00 9.808321129497676e-01
1.645385167945290e+00 9.803818221155143e-01
1.645387179739553e+00 9.799096726242196e-01
1.645389191538736e+00 9.794150249172655e-01
1.645391203342838e+00 9.788971930812205e-01
1.645393215151860e+00 9.783558077798908e-01
1.645395226965801e+00 9.777912198404456e-01
1.645397238784662e+00 9.772031294106381e-01
1.645399250608443e+00 9.765914228591445e-01
1.645401262437144e+00 9.759553251323800e-01
1.645403274270764e+00 9.752933021181024e-01
1.645405286109304e+00 9.746033122427619e-01
1.645407297952764e+00 9.738829684249993e-01
1.645409309801144e+00 9.731300004554890e-01
1.645411321654443e+00 9.723419510753362e-01
1.645413333512662e+00 9.715161739918592e-01
1.645415345375801e+00 9.706501683705331e-01
1.645417357243860e+00 9.697414022788052e-01
1.645419369116839e+00 9.687877867748136e-01
1.645421380994738e+00 9.677882336879358e-01
1.645423392877556e+00 9.667430870653130e-01
1.645425404765295e+00 9.656545006160606e-01
1.645427416657953e+00 9.645261413558102e-01
1.645429428555532e+00 9.633625048343917e-01
1.645431440458030e+00 9.621671772712579e-01
1.645433452365448e+00 9.609409710619199e-01
1.645435464277787e+00 9.596812695698721e-01
1.645437476195045e+00 9.583813787661102e-01
1.645439488117224e+00 9.570310880979473e-01
1.645441500044322e+00 9.556182020073928e-01
1.645443511976341e+00 9.541302928095369e-01
1.645445523913280e+00 9.525559328045994e-01
1.645447535855139e+00 9.508853593908844e-01
1.645449547801918e+00 9.491102629837227e-01
1.645451559753617e+00 9.472227995767144e-01
1.645453571710237e+00 9.452141493743658e-01
1.645455583671776e+00 9.430743140790606e-01
1.645457595638236e+00 9.407911738992760e-01
1.645459607609616e+00 9.383510631509567e-01
1.645461619585916e+00 9.357384237028592e-01
1.645463631567136e+00 9.329366813925289e-01
1.645465643553278e+00 9.299280690345177e-01
1.645467655544339e+00 9.266932953943058e-01
1.645469667540320e+00 9.232115616786403e-01
1.645471679541222e+00 9.194599055234205e-01
1.645473691547044e+00 9.154123998911956e-01
1.645475703557787e+00 9.109467883724351e-01
1.645477715573450e+00 9.062053422264971e-01
1.645479727594033e+00 9.010141779963169e-01
1.645481739619537e+00 8.954312277676837e-01
1.645483751649961e+00 8.893039827391590e-01
1.645485763685306e+00 8.826848853955629e-01
1.645487775725571e+00 8.754604598395348e-01
1.645489787770757e+00 8.675595853928919e-01
1.645491799820863e+00 8.589010962899117e-01
1.645493811875890e+00 8.493937655029797e-01
1.645495823935837e+00 8.389320520132998e-01
1.645497836000706e+00 8.273974825024355e-01
1.645499848070494e+00 8.146562887796599e-01
1.645501860145203e+00 8.005583831893085e-01
1.645503872224833e+00 7.849375088186019e-01
1.645505884309383e+00 7.675232717579399e-01
1.645507896398854e+00 7.482922744630105e-01
1.645509908493246e+00 7.269205180530307e-01
1.645511920592559e+00 7.032800394802223e-01
1.645513932696792e+00 6.772200015329021e-01
1.645515944805946e+00 6.486209555941811e-01
1.645517956920020e+00 6.174869602486552e-01
1.645519969039016e+00 5.839881894955203e-01
1.645521981162932e+00 5.485270721108978e-01
1.645523993291769e+00 5.117925432072494e-01
1.645526005425527e+00 4.747903843927854e-01
1.645528017564206e+00 4.388041221229421e-01
1.645530029707805e+00 4.052734335959082e-01
1.645532041856326e+00 3.756028016556167e-01
1.645534054009767e+00 3.509549801845352e-01
1.645536066168130e+00 3.320899145650116e-01
1.645538078331413e+00 3.192861727013568e-01
1.645540090499617e+00 3.123340149249870e-01
1.645542102672743e+00 3.105666633857248e-01
1.645544114850789e+00 3.129149443218662e-01
1.645546127033756e+00 3.179949911560760e-01
1.645548139221644e+00 3.242515344486958e-01
1.645550151414453e+00 3.301535824483728e-01
1.645552163612184e+00 3.344355660418028e-01
1.645554175814835e+00 3.363217092834864e-01
1.645556188022408e+00 3.356930831112053e-01
1.645558200234902e+00 3.331235843919856e-01
1.645560212452317e+00 3.297786017105361e-01
1.645562224674652e+00 3.271906352516316e-01
1.645564236901909e+00 3.269860443990004e-01
1.645566249134088e+00 3.306319633571714e-01
1.645568261371187e+00 3.392503266648835e-01
1.645570273613208e+00 3.535004571044059e-01
1.645572285860150e+00 3.735179812223227e-01
1.645574298112013e+00 3.988986786785534e-01
1.645576310368798e+00 4.287530198861528e-01
1.645578322630504e+00 4.618463927868285e-01
1.645580334897131e+00 4.967986444105407e-01
1.645582347168679e+00 5.322873296062079e-01
1.645584359445149e+00 5.671982754219332e-01
1.645586371726541e+00 6.006980958670700e-01
1.645588384012853e+00 6.322373688636779e-01
1.645590396304087e+00 6.615133893494395e-01
1.645592408600243e+00 6.884069096853764e-01
1.645594420901320e+00 7.130130509642781e-01
1.645596433207318e+00 7.352827106497559e-01
1.645598445518238e+00 7.554410688693800e-01
1.645600457834079e+00 7.737075808502064e-01
1.645602470154842e+00 7.901689924332429e-01
1.645604482480527e+00 8.051022690376177e-01
1.645606494811132e+00 8.185591994664028e-01
1.645608507146660e+00 8.307482070520591e-01
1.645610519487109e+00 8.418043639229978e-01
1.645612531832480e+00 8.518490478099181e-01
1.645614544182772e+00 8.609895252935453e-01
1.645616556537986e+00 8.693223258946422e-01
1.645618568898122e+00 8.769331896740110e-01
1.645620581263179e+00 8.838993172345483e-01
1.645622593633158e+00 8.902894382380375e-01
1.645624606008059e+00 8.962635749394503e-01
1.645626618387881e+00 9.016712922541714e-01
1.645628630772625e+00 9.066720492111550e-01
1.645630643162291e+00 9.114017858061596e-01
1.645632655556879e+00 9.157061177987826e-01
1.645634667956389e+00 9.197199534027899e-01
1.645636680360820e+00 9.234687488028367e-01
1.645638692770173e+00 9.269733941145269e-01
1.645640705184448e+00 9.302506606945339e-01
1.645642717603645e+00 9.333150966898318e-01
1.645644730027764e+00 9.361802050850073e-01
1.645646742456805e+00 9.388591156943710e-01
1.645648754890768e+00 9.413646016547719e-01
1.645650767329653e+00 9.437090196225718e-01
1.645652779773459e+00 9.459041754610248e-01
1.645654792222188e+00 9.479614319273262e-01
1.645656804675838e+00 9.498911311845869e-01
1.645658817134411e+00 9.517029602599120e-01
1.645660829597906e+00 9.534059476303255e-01
1.645662842066323e+00 9.550084765982427e-01
1.645664854539661e+00 9.565177452105871e-01
1.645666867017923e+00 9.579401618997064e-01
1.645668879501105e+00 9.592808642429501e-01
1.645670891989210e+00 9.605440049070604e-01
1.645672904482238e+00 9.617325401623311e-01
1.645674916980187e+00 9.628491016360807e-01
1.645676929483059e+00 9.638951158308007e-01
1.645678941990853e+00 9.648731932961803e-01
1.645680954503569e+00 9.657862515109846e-01
1.645682967021207e+00 9.666390986712807e-01
1.645684979543768e+00 9.674384285583573e-01
1.645686992071251e+00 9.681936832192133e-01
1.645689004603656e+00 9.689163015217084e-01
1.645691017140983e+00 9.696190523115381e-01
1.645693029683233e+00 9.703139194313725e-01
1.645695042230405e+00 9.710096697619113e-01
1.645697054782500e+00 9.717098646551535e-01
1.645699067339517e+00 9.724121022162118e-01
1.645701079901456e+00 9.731091177624813e-01
1.645703092468318e+00 9.737912370329926e-01
1.645705105040102e+00 9.744490042104957e-01
1.645707117616809e+00 9.750754385954862e-01
1.645709130198437e+00 9.756670735368509e-01
1.645711142784989e+00 9.762235179113580e-01
1.645713155376463e+00 9.767462902913848e-01
1.645715167972860e+00 9.772382905118085e-01
1.645717180574179e+00 9.777019412228743e-01
1.645719193180421e+00 9.781390000845470e-01
1.645721205791585e+00 9.785505503768823e-01
1.645723218407672e+00 9.789372344049917e-01
1.645725231028681e+00 9.792998835272215e-01
1.645727243654614e+00 9.796401076969661e-01
1.645729256285468e+00 9.799604717500028e-01
1.645731268921246e+00 9.802642281067304e-01
1.645733281561946e+00 9.805519986809420e-01
1.645735294207569e+00 9.808324838190997e-01
1.645737306858114e+00 9.811046209550187e-01
1.645739319513583e+00 9.813680777228133e-01
1.645741332173974e+00 9.816208522909922e-01
1.645743344839288e+00 9.818595292050910e-01
1.645745357509524e+00 9.820799383903530e-01
1.645747370184684e+00 9.822777257864315e-01
1.645749382864766e+00 9.824488280111452e-01
1.645751395549772e+00 9.825893034572022e-01
1.645753408239700e+00 9.826962780375111e-01
1.645755420934551e+00 9.827682745361287e-01
1.645757433634324e+00 9.828041997082144e-01
1.645759446339021e+00 9.828052632963811e-01
1.645761459048641e+00 9.827738833529198e-01
1.645763471763184e+00 9.827129166457688e-01
1.645765484482649e+00 9.826244863138557e-01
1.645767497207038e+00 9.825082172884801e-01
1.645769509936350e+00 9.823602512731421e-01
1.645771522670584e+00 9.821731421083104e-01
1.645773535409742e+00 9.819365142539802e-01
1.645775548153823e+00 9.816402299854100e-01
1.645777560902827e+00 9.812769737419509e-01
1.645779573656754e+00 9.808462864695863e-01
1.645781586415604e+00 9.803587057445334e-01
1.645783599179377e+00 9.798389021193793e-01
1.645785611948074e+00 9.793274714254037e-01
1.645787624721693e+00 9.788795797935541e-01
1.645789637500236e+00 9.785585684337571e-01
1.645791650283702e+00 9.784249731037015e-01
1.645793663072092e+00 9.785222297916388e-01
1.645795675865404e+00 9.788653599387962e-01
1.645797688663640e+00 9.794365008434566e-01
1.645799701466799e+00 9.801903647359058e-01
1.645801714274881e+00 9.810665358137314e-01
1.645803727087887e+00 9.820031561042487e-01
1.645805739905816e+00 9.829471189265405e-01
1.645807752728669e+00 9.838590442977069e-01
1.645809765556444e+00 9.847139568614898e-01
1.645811778389143e+00 9.854987046912510e-01
1.645813791226766e+00 9.862092337335077e-01
1.645815804069312e+00 9.868475552889426e-01
1.645817816916782e+00 9.874193900744699e-01
1.645819829769175e+00 9.879320222635259e-01
1.645821842626491e+00 9.883929654913428e-01
1.645823855488731e+00 9.888102105519280e-01
1.645825868355894e+00 9.891900042175484e-01
1.645827881227981e+00 9.895365433752622e-01
1.645829894104992e+00 9.898532951662394e-01
1.645831906986926e+00 9.901421323658897e-01
1.645833919873784e+00 9.904046741725231e-01
1.645835932765565e+00 9.906423112150949e-01
1.645837945662270e+00 9.908568646884146e-01
1.645839958563899e+00 9.910497077421974e-01
1.645841971470451e+00 9.912228530684806e-01
1.645843984381927e+00 9.913785025387672e-01
1.645845997298326e+00 9.915190718873690e-01
1.645848010219650e+00 9.916470750394926e-01
1.645850023145897e+00 9.917648947636510e-01
1.645852036077068e+00 9.918746178822081e-01
1.645854049013162e+00 9.919805533215971e-01
1.645856061954181e+00 9.920770748800093e-01
1.645858074900123e+00 9.921674175959123e-01
1.645860087850989e+00 9.922502712459875e-01
1.645862100806779e+00 9.923241742189817e-01
1.645864113767493e+00 9.923879567445112e-01
1.645866126733130e+00 9.924412245122460e-01
1.645868139703692e+00 9.924847896951053e-01
1.645870152679178e+00 9.925206924552955e-01
1.645872165659587e+00 9.925528666061403e-01
1.645874178644920e+00 9.925858760865256e-01
1.645876191635178e+00 9.926249644691747e-01
1.645878204630359e+00 9.926753392478731e-01
1.645880217630464e+00 9.927405861978028e-01
1.645882230635494e+00 9.928223351501344e-01
1.645884243645447e+00 9.929198157202159e-01
1.645886256660325e+00 9.930302395454685e-01
1.645888269680126e+00 9.931491596474782e-01
1.645890282704852e+00 9.932716887531940e-01
1.645892295734502e+00 9.933933670166686e-01
1.645894308769076e+00 9.935107469886748e-01
1.645896321808574e+00 9.936215881772952e-01
1.645898334852996e+00 9.937249263557032e-01
1.645900347902342e+00 9.938202403998809e-01
1.645902360956613e+00 9.939070434220452e-01
1.645904374015808e+00 9.939855947067588e-01
1.645906387079927e+00 9.940553558031682e-01
1.645908400148970e+00 9.941156971383456e-01
1.645910413222938e+00 9.941658378603697e-01
1.645912426301830e+00 9.942048125366332e-01
1.645914439385646e+00 9.942319059455407e-01
1.645916452474387e+00 9.942467995098140e-01
1.645918465568052e+00 9.942499056625447e-01
1.645920478666641e+00 9.942426738835923e-01
1.645922491770155e+00 9.942276535264196e-01
1.645924504878593e+00 9.942089389316777e-01
1.645926517991956e+00 9.941915718917866e-01
1.645928531110243e+00 9.941806197895477e-01
1.645930544233454e+00 9.941799086964098e-01
1.645932557361590e+00 9.941911968970704e-01
1.645934570494650e+00 9.942138449798007e-01
1.645936583632635e+00 9.942455133459704e-01
1.645938596775545e+00 9.942837674773655e-01
1.645940609923379e+00 9.943268088386624e-01
1.645942623076137e+00 9.943724353641479e-01
1.645944636233820e+00 9.944195902368003e-01
1.645946649396428e+00 9.944664824612253e-01
1.645948662563961e+00 9.945110201512987e-01
1.645950675736418e+00 9.945512597201943e-01
1.645952688913799e+00 9.945863920026006e-01
1.645954702096106e+00 9.946175970383361e-01
1.645956715283337e+00 9.946483403469611e-01
1.645958728475493e+00 9.946839360021121e-01
1.645960741672573e+00 9.947303344060340e-01
1.645962754874578e+00 9.947917177663644e-01
1.645964768081508e+00 9.948699220241386e-01
1.645966781293363e+00 9.949633596543066e-01
1.645968794510143e+00 9.950677784719598e-01
1.645970807731847e+00 9.951775175869664e-01
1.645972820958477e+00 9.952870134341907e-01
1.645974834190031e+00 9.953918412023919e-01
1.645976847426510e+00 9.954891392401427e-01
1.645978860667914e+00 9.955776063237982e-01
1.645980873914243e+00 9.956574107165637e-01
1.645982887165496e+00 9.957290617646819e-01
1.645984900421675e+00 9.957939335119691e-01
1.645986913682778e+00 9.958536152270376e-01
1.645988926948807e+00 9.959095839672206e-01
1.645990940219761e+00 9.959630917790253e-01
1.645992953495640e+00 9.960143298170390e-01
1.645994966776444e+00 9.960634934661466e-01
1.645996980062172e+00 9.961102111069511e-01
1.645998993352826e+00 9.961539456969454e-01
