# G & A Technical Software, Inc.  (GATS) Spectral Calculator
# http://www.spectralcalc.com
# Date: Sat Mar 16 03:35:59 2024
# Line list: hitran2020
#
# Cell Number: 1
# Pressure (mb) = 1013.25
# Temperature (K) = 296
# Length (cm) = 10
# Gas               Isotope Id            Volume Mixing Ratio   
#  CH4              0  All Isotopes       0.04                 
#
# Bandpass Starting Wavelength (microns) = 1.64500100542563
# Bandpass Ending Wavelength (microns) = 1.64599899335283
# Number of Spectral Points = 497
# Mean Transmittance = 0.98676340094202
#
#   Wavelength (microns)   Transmittance
1.645001005425629e+00 9.995657514955383e-01
1.645003016280578e+00 9.995754729607144e-01
1.645005027140443e+00 9.995848968101200e-01
1.645007038005225e+00 9.995934983890038e-01
1.645009048874923e+00 9.996009348251391e-01
1.645011059749538e+00 9.996070631314069e-01
1.645013070629068e+00 9.996118814451620e-01
1.645015081513515e+00 9.996154983527958e-01
1.645017092402878e+00 9.996181086753495e-01
1.645019103297157e+00 9.996199300803710e-01
1.645021114196353e+00 9.996211616380606e-01
1.645023125100465e+00 9.996219114400446e-01
1.645025136009493e+00 9.996222252666486e-01
1.645027146923437e+00 9.996220236935187e-01
1.645029157842298e+00 9.996212100086268e-01
1.645031168766076e+00 9.996196735010017e-01
1.645033179694769e+00 9.996173991821706e-01
1.645035190628380e+00 9.996144133037889e-01
1.645037201566906e+00 9.996108236082364e-01
1.645039212510350e+00 9.996068507025484e-01
1.645041223458709e+00 9.996027818124276e-01
1.645043234411985e+00 9.995989220042247e-01
1.645045245370178e+00 9.995955692429561e-01
1.645047256333287e+00 9.995928794960491e-01
1.645049267301313e+00 9.995908495038748e-01
1.645051278274255e+00 9.995893537125086e-01
1.645053289252114e+00 9.995880748028867e-01
1.645055300234890e+00 9.995867827383336e-01
1.645057311222581e+00 9.995852611609736e-01
1.645059322215190e+00 9.995833564025817e-01
1.645061333212716e+00 9.995809796382673e-01
1.645063344215158e+00 9.995781028992496e-01
1.645065355222517e+00 9.995746541826520e-01
1.645067366234792e+00 9.995705564506352e-01
1.645069377251984e+00 9.995657527470030e-01
1.645071388274093e+00 9.995601969712881e-01
1.645073399301119e+00 9.995538516377566e-01
1.645075410333062e+00 9.995466819382273e-01
1.645077421369921e+00 9.995386540831532e-01
1.645079432411698e+00 9.995297561690677e-01
1.645081443458390e+00 9.995200535922777e-01
1.645083454510000e+00 9.995097759529017e-01
1.645085465566527e+00 9.994993290747516e-01
1.645087476627971e+00 9.994892778340727e-01
1.645089487694331e+00 9.994802984874697e-01
1.645091498765609e+00 9.994729617610574e-01
1.645093509841803e+00 9.994675459456630e-01
1.645095520922915e+00 9.994639640208334e-01
1.645097532008943e+00 9.994618449709378e-01
1.645099543099889e+00 9.994607096887194e-01
1.645101554195751e+00 9.994601261569187e-01
1.645103565296531e+00 9.994597117183730e-01
1.645105576402227e+00 9.994593897718005e-01
1.645107587512841e+00 9.994587809778750e-01
1.645109598628372e+00 9.994577363249846e-01
1.645111609748820e+00 9.994561113417150e-01
1.645113620874185e+00 9.994537644670345e-01
1.645115632004467e+00 9.994506153743714e-01
1.645117643139666e+00 9.994466193020344e-01
1.645119654279783e+00 9.994417207199149e-01
1.645121665424816e+00 9.994358177063987e-01
1.645123676574767e+00 9.994287640438415e-01
1.645125687729635e+00 9.994203851674683e-01
1.645127698889421e+00 9.994104030774906e-01
1.645129710054124e+00 9.993985670735128e-01
1.645131721223744e+00 9.993846240686253e-01
1.645133732398281e+00 9.993682850035839e-01
1.645135743577735e+00 9.993492379435338e-01
1.645137754762107e+00 9.993271157145500e-01
1.645139765951397e+00 9.993015092331916e-01
1.645141777145603e+00 9.992719661677256e-01
1.645143788344728e+00 9.992380190524273e-01
1.645145799548769e+00 9.991992724244483e-01
1.645147810757728e+00 9.991553726140410e-01
1.645149821971605e+00 9.991063053603284e-01
1.645151833190399e+00 9.990525857429020e-01
1.645153844414110e+00 9.989959466918332e-01
1.645155855642739e+00 9.989377474170568e-01
1.645157866876285e+00 9.988817552501162e-01
1.645159878114749e+00 9.988321131941571e-01
1.645161889358131e+00 9.987931596698369e-01
1.645163900606430e+00 9.987685631957713e-01
1.645165911859647e+00 9.987604846524043e-01
1.645167923117781e+00 9.987689495675817e-01
1.645169934380833e+00 9.987919872714431e-01
1.645171945648803e+00 9.988260833134878e-01
1.645173956921690e+00 9.988670469160608e-01
1.645175968199495e+00 9.989107607902455e-01
1.645177979482218e+00 9.989538553372457e-01
1.645179990769858e+00 9.989939767145912e-01
1.645182002062417e+00 9.990293424925767e-01
1.645184013359893e+00 9.990604405174963e-01
1.645186024662286e+00 9.990869541070424e-01
1.645188035969598e+00 9.991092504351400e-01
1.645190047281827e+00 9.991278400411829e-01
1.645192058598974e+00 9.991431779926643e-01
1.645194069921039e+00 9.991555369342677e-01
1.645196081248023e+00 9.991651632008143e-01
1.645198092579923e+00 9.991721015539952e-01
1.645200103916742e+00 9.991764075239189e-01
1.645202115258479e+00 9.991781697608532e-01
1.645204126605133e+00 9.991775479866192e-01
1.645206137956706e+00 9.991748383035883e-01
1.645208149313196e+00 9.991703303530812e-01
1.645210160674605e+00 9.991643684916198e-01
1.645212172040931e+00 9.991572690196335e-01
1.645214183412176e+00 9.991492183180526e-01
1.645216194788339e+00 9.991402252344416e-01
1.645218206169419e+00 9.991301086847670e-01
1.645220217555418e+00 9.991186877014115e-01
1.645222228946335e+00 9.991055857390165e-01
1.645224240342170e+00 9.990909507032484e-01
1.645226251742923e+00 9.990750900469720e-01
1.645228263148594e+00 9.990585371851921e-01
1.645230274559184e+00 9.990420092944987e-01
1.645232285974691e+00 9.990259757032618e-01
1.645234297395118e+00 9.990105448523536e-01
1.645236308820462e+00 9.989959409932100e-01
1.645238320250724e+00 9.989807397405616e-01
1.645240331685905e+00 9.989651368041481e-01
1.645242343126004e+00 9.989491444135623e-01
1.645244354571021e+00 9.989331065765872e-01
1.645246366020956e+00 9.989176750968605e-01
1.645248377475810e+00 9.989037328021135e-01
1.645250388935583e+00 9.988923264393668e-01
1.645252400400273e+00 9.988845195843132e-01
1.645254411869882e+00 9.988810568418035e-01
1.645256423344410e+00 9.988819879367106e-01
1.645258434823856e+00 9.988865326039884e-01
1.645260446308220e+00 9.988933592954536e-01
1.645262457797503e+00 9.989008748034108e-01
1.645264469291704e+00 9.989077105470835e-01
1.645266480790824e+00 9.989129566687387e-01
1.645268492294862e+00 9.989161882226879e-01
1.645270503803819e+00 9.989173180887038e-01
1.645272515317694e+00 9.989165527892382e-01
1.645274526836488e+00 9.989141421171974e-01
1.645276538360201e+00 9.989102951711293e-01
1.645278549888832e+00 9.989051336047242e-01
1.645280561422382e+00 9.988986132492611e-01
1.645282572960850e+00 9.988906351718091e-01
1.645284584504238e+00 9.988810969601499e-01
1.645286596052543e+00 9.988699386565523e-01
1.645288607605768e+00 9.988571298493554e-01
1.645290619163911e+00 9.988426087407847e-01
1.645292630726973e+00 9.988263105220150e-01
1.645294642294954e+00 9.988082253965362e-01
1.645296653867853e+00 9.987883274159861e-01
1.645298665445672e+00 9.987666073869849e-01
1.645300677028409e+00 9.987430803108506e-01
1.645302688616065e+00 9.987178143309481e-01
1.645304700208639e+00 9.986908685245757e-01
1.645306711806133e+00 9.986623940489501e-01
1.645308723408546e+00 9.986326193618977e-01
1.645310735015877e+00 9.986017924301678e-01
1.645312746628127e+00 9.985704441435962e-01
1.645314758245296e+00 9.985393597879065e-01
1.645316769867385e+00 9.985093676771597e-01
1.645318781494392e+00 9.984813291563319e-01
1.645320793126318e+00 9.984556916838664e-01
1.645322804763163e+00 9.984323606937924e-01
1.645324816404927e+00 9.984107728884337e-01
1.645326828051611e+00 9.983901763923129e-01
1.645328839703213e+00 9.983699991979303e-01
1.645330851359734e+00 9.983498898207910e-01
1.645332863021175e+00 9.983299153162692e-01
1.645334874687534e+00 9.983103404222662e-01
1.645336886358813e+00 9.982913723291310e-01
1.645338898035011e+00 9.982729625409391e-01
1.645340909716128e+00 9.982547471665153e-01
1.645342921402164e+00 9.982361031933474e-01
1.645344933093120e+00 9.982163483899548e-01
1.645346944788995e+00 9.981948936618650e-01
1.645348956489789e+00 9.981713709893031e-01
1.645350968195502e+00 9.981454825831099e-01
1.645352979906134e+00 9.981171125474514e-01
1.645354991621686e+00 9.980862550519602e-01
1.645357003342157e+00 9.980529436735361e-01
1.645359015067547e+00 9.980172702113251e-01
1.645361026797857e+00 9.979793513311345e-01
1.645363038533086e+00 9.979393527228022e-01
1.645365050273235e+00 9.978974763085756e-01
1.645367062018303e+00 9.978539581409027e-01
1.645369073768290e+00 9.978090607245690e-01
1.645371085523197e+00 9.977628997038744e-01
1.645373097283023e+00 9.977154543474945e-01
1.645375109047769e+00 9.976666493454547e-01
1.645377120817434e+00 9.976161587824941e-01
1.645379132592019e+00 9.975637311412069e-01
1.645381144371523e+00 9.975089310249561e-01
1.645383156155947e+00 9.974514587744473e-01
1.645385167945290e+00 9.973910584774588e-01
1.645387179739553e+00 9.973275068173937e-01
1.645389191538736e+00 9.972607275412856e-01
1.645391203342838e+00 9.971906353927136e-01
1.645393215151860e+00 9.971172059976336e-01
1.645395226965801e+00 9.970405492005576e-01
1.645397238784662e+00 9.969606982439068e-01
1.645399250608443e+00 9.968776991563009e-01
1.645401262437144e+00 9.967914670862389e-01
1.645403274270764e+00 9.967017722035534e-01
1.645405286109304e+00 9.966082780568076e-01
1.645407297952764e+00 9.965105889654956e-01
1.645409309801144e+00 9.964083584052932e-01
1.645411321654443e+00 9.963012233518359e-01
1.645413333512662e+00 9.961887906219060e-01
1.645415345375801e+00 9.960706758718523e-01
1.645417357243860e+00 9.959464732367822e-01
1.645419369116839e+00 9.958158233015059e-01
1.645421380994738e+00 9.956785213563909e-01
1.645423392877556e+00 9.955346234697139e-01
1.645425404765295e+00 9.953845107326034e-01
1.645427416657953e+00 9.952288565596030e-01
1.645429428555532e+00 9.950685217089639e-01
1.645431440458030e+00 9.949042441525571e-01
1.645433452365448e+00 9.947362894182967e-01
1.645435464277787e+00 9.945643379653801e-01
1.645437476195045e+00 9.943873342748815e-01
1.645439488117224e+00 9.942036324454294e-01
1.645441500044322e+00 9.940112453842352e-01
1.645443511976341e+00 9.938081821832266e-01
1.645445523913280e+00 9.935926940004258e-01
1.645447535855139e+00 9.933633498777193e-01
1.645449547801918e+00 9.931190333484942e-01
1.645451559753617e+00 9.928587240150585e-01
1.645453571710237e+00 9.925811994687340e-01
1.645455583671776e+00 9.922849738466735e-01
1.645457595638236e+00 9.919681645183898e-01
1.645459607609616e+00 9.916285784866434e-01
1.645461619585916e+00 9.912637133739766e-01
1.645463631567136e+00 9.908709228355594e-01
1.645465643553278e+00 9.904473797309393e-01
1.645467655544339e+00 9.899900340060717e-01
1.645469667540320e+00 9.894955635057306e-01
1.645471679541222e+00 9.889602837222146e-01
1.645473691547044e+00 9.883799430842277e-01
1.645475703557787e+00 9.877359434304200e-01
1.645477715573450e+00 9.870485752756941e-01
1.645479727594033e+00 9.862915328787192e-01
1.645481739619537e+00 9.854718176034257e-01
1.645483751649961e+00 9.845653927461994e-01
1.645485763685306e+00 9.835786811437314e-01
1.645487775725571e+00 9.824923306299047e-01
1.645489787770757e+00 9.812928169871011e-01
1.645491799820863e+00 9.799642611187824e-01
1.645493811875890e+00 9.784881215070477e-01
1.645495823935837e+00 9.768422320043482e-01
1.645497836000706e+00 9.750005351302889e-01
1.645499848070494e+00 9.729321141103405e-01
1.645501860145203e+00 9.706001555960471e-01
1.645503872224833e+00 9.679609101357164e-01
1.645505884309383e+00 9.649470042012420e-01
1.645507896398854e+00 9.615255628787668e-01
1.645509908493246e+00 9.576018108374207e-01
1.645511920592559e+00 9.531024700198867e-01
1.645513932696792e+00 9.479352290675527e-01
1.645515944805946e+00 9.419906187647690e-01
1.645517956920020e+00 9.351620478223965e-01
1.645519969039016e+00 9.273535776391187e-01
1.645521981162932e+00 9.185040030433131e-01
1.645523993291769e+00 9.086205455391844e-01
1.645526005425527e+00 8.978259773689486e-01
1.645528017564206e+00 8.864054828115514e-01
1.645530029707805e+00 8.748354311682536e-01
1.645532041856326e+00 8.637691144777648e-01
1.645534054009767e+00 8.539628175109928e-01
1.645536066168130e+00 8.461475525358245e-01
1.645538078331413e+00 8.408725198477396e-01
1.645540090499617e+00 8.383621222707218e-01
1.645542102672743e+00 8.384389675850493e-01
1.645544114850789e+00 8.405481437362464e-01
1.645546127033756e+00 8.438828219692402e-01
1.645548139221644e+00 8.475642521622807e-01
1.645550151414453e+00 8.508036785998977e-01
1.645552163612184e+00 8.530157349780266e-01
1.645554175814835e+00 8.538789254590997e-01
1.645556188022408e+00 8.533684852190317e-01
1.645558200234902e+00 8.517588015214590e-01
1.645560212452317e+00 8.495961616411158e-01
1.645562224674652e+00 8.476259125591883e-01
1.645564236901909e+00 8.466664159729229e-01
1.645566249134088e+00 8.474571970286573e-01
1.645568261371187e+00 8.505035427492208e-01
1.645570273613208e+00 8.559689182045580e-01
1.645572285860150e+00 8.636421369195126e-01
1.645574298112013e+00 8.730060143248930e-01
1.645576310368798e+00 8.833749656521318e-01
1.645578322630504e+00 8.940599215687758e-01
1.645580334897131e+00 9.044946326494601e-01
1.645582347168679e+00 9.142916294051183e-01
1.645584359445149e+00 9.232369091596176e-01
1.645586371726541e+00 9.312510509375713e-01
1.645588384012853e+00 9.383438062509054e-01
1.645590396304087e+00 9.445756798132777e-01
1.645592408600243e+00 9.500317132745668e-01
1.645594420901320e+00 9.548144780184281e-01
1.645596433207318e+00 9.589861697356106e-01
1.645598445518238e+00 9.626429240295421e-01
1.645600457834079e+00 9.658626797280082e-01
1.645602470154842e+00 9.686932423939815e-01
1.645604482480527e+00 9.712053072418547e-01
1.645606494811132e+00 9.734254386052482e-01
1.645608507146660e+00 9.754020531902252e-01
1.645610519487109e+00 9.771675727891023e-01
1.645612531832480e+00 9.787495539426150e-01
1.645614544182772e+00 9.801712913443673e-01
1.645616556537986e+00 9.814528393276898e-01
1.645618568898122e+00 9.826114548014495e-01
1.645620581263179e+00 9.836620946198419e-01
1.645622593633158e+00 9.846177802947318e-01
1.645624606008059e+00 9.855047329329981e-01
1.645626618387881e+00 9.863018088134083e-01
1.645628630772625e+00 9.870345391850808e-01
1.645630643162291e+00 9.877242451214523e-01
1.645632655556879e+00 9.883488757583270e-01
1.645634667956389e+00 9.889292165749555e-01
1.645636680360820e+00 9.894693958145196e-01
1.645638692770173e+00 9.899727291380530e-01
1.645640705184448e+00 9.904417824657646e-01
1.645642717603645e+00 9.908787769916135e-01
1.645644730027764e+00 9.912858193157855e-01
1.645646742456805e+00 9.916649753174270e-01
1.645648754890768e+00 9.920182814600541e-01
1.645650767329653e+00 9.923477007308734e-01
1.645652779773459e+00 9.926551141465700e-01
1.645654792222188e+00 9.929423012140389e-01
1.645656804675838e+00 9.932108746355891e-01
1.645658817134411e+00 9.934623389593642e-01
1.645660829597906e+00 9.936981007992363e-01
1.645662842066323e+00 9.939194629197490e-01
1.645664854539661e+00 9.941275364184129e-01
1.645666867017923e+00 9.943232898966754e-01
1.645668879501105e+00 9.945074885166896e-01
1.645670891989210e+00 9.946807071391264e-01
1.645672904482238e+00 9.948433259106679e-01
1.645674916980187e+00 9.949956384713300e-01
1.645676929483059e+00 9.951377392465194e-01
1.645678941990853e+00 9.952698986855597e-01
1.645680954503569e+00 9.953924530429689e-01
1.645682967021207e+00 9.955060644507138e-01
1.645684979543768e+00 9.956117433114079e-01
1.645686992071251e+00 9.957110088404563e-01
1.645689004603656e+00 9.958057793312169e-01
1.645691017140983e+00 9.958982669807022e-01
1.645693029683233e+00 9.959905920800839e-01
1.645695042230405e+00 9.960843186427546e-01
1.645697054782500e+00 9.961800199574270e-01
1.645699067339517e+00 9.962771568115477e-01
1.645701079901456e+00 9.963742759950019e-01
1.645703092468318e+00 9.964695089014605e-01
1.645705105040102e+00 9.965611087292210e-01
1.645707117616809e+00 9.966478429837852e-01
1.645709130198437e+00 9.967291645666674e-01
1.645711142784989e+00 9.968050988417129e-01
1.645713155376463e+00 9.968760173344807e-01
1.645715167972860e+00 9.969425020557872e-01
1.645717180574179e+00 9.970050024564083e-01
1.645719193180421e+00 9.970637989164344e-01
1.645721205791585e+00 9.971190096459611e-01
1.645723218407672e+00 9.971706619095816e-01
1.645725231028681e+00 9.972188113422963e-01
1.645727243654614e+00 9.972636849860915e-01
1.645729256285468e+00 9.973056999000424e-01
1.645731268921246e+00 9.973454302164213e-01
1.645733281561946e+00 9.973831085800406e-01
1.645735294207569e+00 9.974201002694772e-01
1.645737306858114e+00 9.974563276405947e-01
1.645739319513583e+00 9.974917320838558e-01
1.645741332173974e+00 9.975259416718448e-01
1.645743344839288e+00 9.975583400898665e-01
1.645745357509524e+00 9.975881999265477e-01
1.645747370184684e+00 9.976147862668447e-01
1.645749382864766e+00 9.976374215186392e-01
1.645751395549772e+00 9.976554594288243e-01
1.645753408239700e+00 9.976684047426398e-01
1.645755420934551e+00 9.976759787466408e-01
1.645757433634324e+00 9.976779978093682e-01
1.645759446339021e+00 9.976746656147337e-01
1.645761459048641e+00 9.976664323890765e-01
1.645763471763184e+00 9.976538615432209e-01
1.645765484482649e+00 9.976374085109280e-01
1.645767497207038e+00 9.976170739488266e-01
1.645769509936350e+00 9.975921724329205e-01
1.645771522670584e+00 9.975612703134599e-01
1.645773535409742e+00 9.975223043390752e-01
1.645775548153823e+00 9.974730784402344e-01
1.645777560902827e+00 9.974117739311039e-01
1.645779573656754e+00 9.973376499643268e-01
1.645781586415604e+00 9.972518596711156e-01
1.645783599179377e+00 9.971581216882990e-01
1.645785611948074e+00 9.970632703178417e-01
1.645787624721693e+00 9.969772452693558e-01
1.645789637500236e+00 9.969120445931342e-01
1.645791650283702e+00 9.968795429896108e-01
1.645793663072092e+00 9.968884706819064e-01
1.645795675865404e+00 9.969418282152417e-01
1.645797688663640e+00 9.970359207722230e-01
1.645799701466799e+00 9.971615935490801e-01
1.645801714274881e+00 9.973070025615632e-01
1.645803727087887e+00 9.974605255907247e-01
1.645805739905816e+00 9.976127273807739e-01
1.645807752728669e+00 9.977571224087276e-01
1.645809765556444e+00 9.978900193484571e-01
1.645811778389143e+00 9.980098537174006e-01
1.645813791226766e+00 9.981165453943270e-01
1.645815804069312e+00 9.982109203440991e-01
1.645817816916782e+00 9.982943145843539e-01
1.645819829769175e+00 9.983681760853862e-01
1.645821842626491e+00 9.984339563392833e-01
1.645823855488731e+00 9.984930826839922e-01
1.645825868355894e+00 9.985466424650686e-01
1.645827881227981e+00 9.985953378769997e-01
1.645829894104992e+00 9.986396914803122e-01
1.645831906986926e+00 9.986799597507404e-01
1.645833919873784e+00 9.987163557743435e-01
1.645835932765565e+00 9.987490622523976e-01
1.645837945662270e+00 9.987783515990021e-01
1.645839958563899e+00 9.988044165318347e-01
1.645841971470451e+00 9.988275637744831e-01
1.645843984381927e+00 9.988481376652829e-01
1.645845997298326e+00 9.988665242221855e-01
1.645848010219650e+00 9.988831345091259e-01
1.645850023145897e+00 9.988983666043452e-01
1.645852036077068e+00 9.989125681480225e-01
1.645854049013162e+00 9.989263742738073e-01
1.645856061954181e+00 9.989390039492262e-01
1.645858074900123e+00 9.989508765990928e-01
1.645860087850989e+00 9.989617198347712e-01
1.645862100806779e+00 9.989712302075824e-01
1.645864113767493e+00 9.989791514782795e-01
1.645866126733130e+00 9.989853651022025e-01
1.645868139703692e+00 9.989899650160543e-01
1.645870152679178e+00 9.989932739247838e-01
1.645872165659587e+00 9.989959318056337e-01
1.645874178644920e+00 9.989987120398395e-01
1.645876191635178e+00 9.990020156838000e-01
1.645878204630359e+00 9.990077469265088e-01
1.645880217630464e+00 9.990160305751488e-01
1.645882230635494e+00 9.990271506248973e-01
1.645884243645447e+00 9.990409673191607e-01
1.645886256660325e+00 9.990569746005349e-01
1.645888269680126e+00 9.990743889356963e-01
1.645890282704852e+00 9.990923607838340e-01
1.645892295734502e+00 9.991101346677169e-01
1.645894308769076e+00 9.991271499893628e-01
1.645896321808574e+00 9.991430706577377e-01
1.645898334852996e+00 9.991577875916846e-01
1.645900347902342e+00 9.991712637711316e-01
1.645902360956613e+00 9.991834629909135e-01
1.645904374015808e+00 9.991944403736852e-01
1.645906387079927e+00 9.992041188525036e-01
1.645908400148970e+00 9.992123837000690e-01
1.645910413222938e+00 9.992190812481567e-01
1.645912426301830e+00 9.992240185383707e-01
1.645914439385646e+00 9.992270271759480e-01
1.645916452474387e+00 9.992279917933047e-01
1.645918465568052e+00 9.992269195499830e-01
1.645920478666641e+00 9.992239992134273e-01
1.645922491770155e+00 9.992196382954717e-01
1.645924504878593e+00 9.992145737633109e-01
1.645926517991956e+00 9.992097809445113e-01
1.645928531110243e+00 9.992062810924837e-01
1.645930544233454e+00 9.992048477870412e-01
1.645932557361590e+00 9.992057881318033e-01
1.645934570494650e+00 9.992088740691543e-01
1.645936583632635e+00 9.992135310312733e-01
1.645938596775545e+00 9.992192041245289e-01
1.645940609923379e+00 9.992255480028689e-01
1.645942623076137e+00 9.992322528269142e-01
1.645944636233820e+00 9.992391978739761e-01
1.645946649396428e+00 9.992460917565040e-01
1.645948662563961e+00 9.992525096167810e-01
1.645950675736418e+00 9.992580035468563e-01
1.645952688913799e+00 9.992623289581388e-01
1.645954702096106e+00 9.992656437680125e-01
1.645956715283337e+00 9.992685899487698e-01
1.645958728475493e+00 9.992722267052159e-01
1.645960741672573e+00 9.992777673178352e-01
1.645962754874578e+00 9.992861044011079e-01
1.645964768081508e+00 9.992976231151260e-01
1.645966781293363e+00 9.993119969149120e-01
1.645968794510143e+00 9.993283522198908e-01
1.645970807731847e+00 9.993455679505132e-01
1.645972820958477e+00 9.993625914212316e-01
1.645974834190031e+00 9.993786396807991e-01
1.645976847426510e+00 9.993932519573718e-01
1.645978860667914e+00 9.994062612531707e-01
1.645980873914243e+00 9.994177562184632e-01
1.645982887165496e+00 9.994278740487061e-01
1.645984900421675e+00 9.994368932675570e-01
1.645986913682778e+00 9.994451205711812e-01
1.645988926948807e+00 9.994528366951272e-01
1.645990940219761e+00 9.994602601509541e-01
1.645992953495640e+00 9.994674352346919e-01
1.645994966776444e+00 9.994743749266490e-01
1.645996980062172e+00 9.994809974450618e-01
1.645998993352826e+00 9.994871970848180e-01
